-7.743392351843488841e-01
-7.628963206109464767e-01
-7.541297754267373143e-01
-7.421120678414429017e-01
-7.343024568091969240e-01
-7.263094131186087488e-01
-7.121030884049260878e-01
-7.087970567845809367e-01
-6.909255585238949227e-01
-6.915660095820250763e-01
-6.721482129023963470e-01
-6.630630483339187142e-01
-6.599816275116631159e-01
-6.415338945427396800e-01
-6.373884145282568969e-01
-6.309740739878850757e-01
-6.177309198729388218e-01
-6.117006621455013393e-01
-5.923834454822287654e-01
-5.818533748226374369e-01
-5.799905783385089775e-01
-5.786369019235051425e-01
-5.675438488309076934e-01
-5.547957994259853365e-01
-5.401282127463734595e-01
-5.372073773659600260e-01
-5.214095596138349498e-01
-5.120742088322554064e-01
-5.095180522248865529e-01
-4.975740770486810627e-01
-4.898629568569219384e-01
-4.815290574235377430e-01
-4.743625438559842533e-01
-4.661300937260384747e-01
-4.571387949620623337e-01
-4.464122024617201423e-01
-4.436530948003333807e-01
-4.273384202626782091e-01
-4.202286236924130391e-01
-4.171940290082195579e-01
-4.079427112069620720e-01
-3.919502666135804003e-01
-3.930376469636776005e-01
-3.778204534349668409e-01
-3.721079104063943488e-01
-3.631575079868167855e-01
-3.548003342091340939e-01
-3.444217349870793976e-01
-3.407024605537793405e-01
-3.330338269101397186e-01
-3.188942549873545751e-01
-3.144607476010324865e-01
-3.061636408404321830e-01
-2.989747426472725289e-01
-2.902294179133841912e-01
-2.808093224942063149e-01
-2.703574861991718814e-01
-2.699390067052908626e-01
-2.579310613518874251e-01
-2.513121483472676720e-01
-2.422238395357526053e-01
-2.324691589797250879e-01
-2.238479088584987564e-01
-2.132931502824993719e-01
-2.102906381662981161e-01
-2.008798528836581720e-01
-1.920275292236935660e-01
-1.862756678733101523e-01
-1.780490152403234327e-01
-1.691366480349354162e-01
-1.616327565121860599e-01
-1.540300323231719171e-01
-1.460344329704278687e-01
-1.375291468217574586e-01
-1.318352971141846519e-01
-1.217336148232789073e-01
-1.139971726469065638e-01
-1.070714155673854057e-01
-1.006814166381201775e-01
-1.005384499971526402e-01
-1.008049732909341301e-01
-1.003994461201651589e-01
-1.000820844516265434e-01
-1.000965848219025067e-01
-1.336847952113278670e-01
-1.125554247446662326e-01
-9.373244699627353294e-02
-7.334351157991822467e-02
-5.371674431717896742e-02
-3.434542159191095873e-02
-1.470029941810034428e-02
4.875403850816696118e-03
2.444262819689389798e-02
4.424909726649770697e-02
6.397196327987823838e-02
8.341773926706595732e-02
1.029955940883499205e-01
1.229577744855432087e-01
8.985556247725635937e-02
8.835789818248478145e-02
8.697482994489469377e-02
8.695192785635150190e-02
8.550686655721043139e-02
9.102015753951102350e-02
9.770768488551087594e-02
1.079889733259809664e-01
1.146529739728472386e-01
1.198970265921858458e-01
1.268083531129233499e-01
1.354906297485000133e-01
1.433969691955353509e-01
1.513263849086109170e-01
1.584855392168551813e-01
1.651101887322513062e-01
1.733766885854092499e-01
1.797181901556724748e-01
1.878747860968735528e-01
1.943159972077936892e-01
2.012154311556712816e-01
2.074497131527930638e-01
2.163115062532945387e-01
2.280183879830214033e-01
2.298672288147437515e-01
2.419113154177612857e-01
2.469844852889004350e-01
2.536905224404299442e-01
2.633942955493457361e-01
2.706579365478499200e-01
2.804242509758744784e-01
2.840981894359815851e-01
2.944694270583254614e-01
2.996299319504872605e-01
3.095686457465554042e-01
3.179920949007583042e-01
3.216052783594140485e-01
3.308316332141724714e-01
3.420248178460886801e-01
3.549863107743537749e-01
3.572697485532570494e-01
3.631347747800338088e-01
3.727568056974978616e-01
3.844939889833052793e-01
3.895590150020775133e-01
4.008798463081637009e-01
4.012149781709918317e-01
4.130649644030816581e-01
4.187310897737591131e-01
4.269643356068840712e-01
4.377421929567358871e-01
4.446757931166642197e-01
4.512496543282628614e-01
4.647940149134566212e-01
4.709007336757239370e-01
4.851319526641687530e-01
4.938640013969647913e-01
4.955539365267995211e-01
5.000284162889284678e-01
5.120744787747881777e-01
5.207842876393034004e-01
5.377187023274848654e-01
5.332176709737954656e-01
5.441590551332690096e-01
5.565548158295732240e-01
5.657168854047712747e-01
5.662575150460144036e-01
5.787859577324597771e-01
5.903500885073736937e-01
6.016459990210429876e-01
5.967103935926115765e-01
6.173749001956059246e-01
6.230147755454298331e-01
6.329967601600618998e-01
6.481532913373769800e-01
6.519896762934485057e-01
6.603834607059028139e-01
6.790902515191226119e-01
6.838492041463464233e-01
6.974242524110482178e-01
7.023114354004119653e-01
7.107481637263727281e-01
7.226255150468233746e-01
7.339107357606792226e-01
7.388322662235036198e-01
7.495624356330117255e-01
7.624489619344985147e-01
7.720658334747287910e-01
7.828489364497537295e-01
7.914806827657955290e-01
7.969596729986160311e-01
8.095823641871094933e-01
8.247753492919347451e-01
8.350589396673026021e-01
8.427886482238338139e-01
8.544919993710049511e-01
8.665369466052786906e-01
8.715592395326857700e-01
8.873662417252727863e-01
8.985265832796897056e-01
9.078549561183605343e-01
9.187913471539562726e-01
9.242759590536657743e-01
9.396432265501692971e-01
9.596418150725718466e-01
9.624915619763013686e-01
9.730431415876938939e-01
9.849234350880787803e-01
1.002367291423413187e+00
1.015669014151319605e+00
1.017476438318850152e+00
1.038854487770748181e+00
1.045929952656318385e+00
1.054618581866967553e+00
1.076968727556386618e+00
1.087029589580774225e+00
1.090064758615882701e+00
1.084878646620524023e+00
1.092677754734511231e+00
1.087242188694478529e+00
1.086354220399206039e+00
1.092160771834256305e+00
1.094240039709266643e+00
1.095135674439574380e+00
1.085365424976962423e+00
1.077900025045030574e+00
1.079963959994913125e+00
1.073848570230973243e+00
1.075468713239509544e+00
1.099891941561430109e+00
1.079342627531828747e+00
1.090777557775785889e+00
1.081166451802330952e+00
1.103691308904972912e+00
1.091849774377937621e+00
1.079665096816365022e+00
1.082719767553993018e+00
1.090972958261120063e+00
1.075241687840706728e+00
1.080262523711378764e+00
1.078638043180501604e+00
1.065828087370949584e+00
1.085904369574746342e+00
1.095030199484929190e+00
1.080872702629559479e+00
1.066223543660680173e+00
1.084965062205933473e+00
1.085861617291872472e+00
1.088066004200277881e+00
1.076794467011311207e+00
1.081249320513805401e+00
1.087228332121973118e+00
1.078340537259089515e+00
1.068192116160792571e+00
1.091736888727169674e+00
1.085159947131640434e+00
5.500469799896817724e-01
5.459826707745479846e-01
5.488983905464484003e-01
5.305773562329731963e-01
5.337852876364901356e-01
5.416036916488139452e-01
5.558846044371452688e-01
5.372010211633426735e-01
5.359106185607001027e-01
5.489612750734176316e-01
5.524918800858995560e-01
5.373766063239311386e-01
5.558906570130932590e-01
5.385193563260525229e-01
5.500324529712168342e-01
5.315856908723726182e-01
5.474920205401887507e-01
5.353671927655478946e-01
5.583928685739111275e-01
5.472822193409991876e-01
5.450356638214325367e-01
5.365032582707142117e-01
5.479210022927539780e-01
5.428974356479477903e-01
5.612410451444124204e-01
5.416565293241069057e-01
5.433617118597616757e-01
5.403058981512174341e-01
5.391601206356670950e-01
5.482944813574593956e-01
5.393641284653066803e-01
5.237714782212022913e-01
5.336076713917470293e-01
5.531078061004685020e-01
5.327091083597386145e-01
5.358926342013518029e-01
5.425908187669242766e-01
5.531396330722802013e-01
5.464317607653841335e-01
5.561024310875746224e-01
5.409386180862966187e-01
5.403785633156327206e-01
5.408877970365113530e-01
5.303850890533753359e-01
5.293674657296396635e-01
5.401134571466448264e-01
5.515718147650222614e-01
5.361970426561873948e-01
5.458466328225038966e-01
5.479336058850644564e-01
5.222161713757632606e-01
5.610851550179928315e-01
5.458841940108527524e-01
5.348374025445533642e-01
5.423504296546446390e-01
5.417309033442236910e-01
5.402518284044238728e-01
5.658859867956093082e-01
5.405875794459955586e-01
5.497259011378118343e-01
5.489150953501069630e-01
5.518999556545504115e-01
5.513304912777632349e-01
5.372396142353053072e-01
5.563165824261910863e-01
5.309353139659995779e-01
5.343010452038448044e-01
5.361079977813303366e-01
5.282358092048108356e-01
5.439392665271481908e-01
5.483933781002603425e-01
5.422806802171540319e-01
5.523343598256714726e-01
5.446090211996617025e-01
5.539050451768527950e-01
5.508241871677038715e-01
5.545354298034913532e-01
5.438734565613153604e-01
5.530313131593200815e-01
5.263676723251774492e-01
5.331048826961461984e-01
5.532513051301101159e-01
5.638178000127949119e-01
5.333535055851306161e-01
5.346754235031462299e-01
5.343275070818219730e-01
5.432562189681998666e-01
5.497484312543654550e-01
5.452280085879229743e-01
5.458269552238379507e-01
5.316927726589975034e-01
5.367313464054632721e-01
5.379122398335487443e-01
5.383099322589822711e-01
5.551050736508096328e-01
5.495261950874937851e-01
5.370852678065104469e-01
5.419943704534107010e-01
5.452664386402658048e-01
5.490051917279784588e-01
5.344824061484998445e-01
5.456073414014518397e-01
5.529483979084548473e-01
5.514327091544313220e-01
5.541218634976605717e-01
5.456535507504939320e-01
5.415153427121445207e-01
5.532522790731261297e-01
5.619314958022835205e-01
5.372328162193277246e-01
5.643101577983737904e-01
5.535757904146252351e-01
5.555445301724795115e-01
5.295599322294801681e-01
5.288998062306147219e-01
5.502600317698760346e-01
5.407618587510495400e-01
5.630578986620788928e-01
5.521086185910283328e-01
5.528940465640365121e-01
5.596055025106753122e-01
5.501332624568980867e-01
5.389328021696846438e-01
5.451795515719651819e-01
5.417446890080173105e-01
5.602680748632794527e-01
5.445148751722606040e-01
5.543637884398342486e-01
5.516800440048795773e-01
5.509483386931889326e-01
5.424142786576772179e-01
5.303485238083509579e-01
5.464170768935047162e-01
5.541250536558762763e-01
5.577552578202431555e-01
5.673614822644696964e-01
5.411208547056817197e-01
5.520240084553995619e-01
5.352021538359904573e-01
5.348638037359453312e-01
5.647267405490429271e-01
5.231958133410067324e-01
5.412100440996907569e-01
5.645687464181785575e-01
5.434225844492009960e-01
5.423035897362336044e-01
5.543474559209423669e-01
5.355494316801350241e-01
5.425410305803416433e-01
5.379280410026141546e-01
5.507498457512816081e-01
5.431048989730744569e-01
5.424159980289023908e-01
5.453314995913155494e-01
5.441006678646658212e-01
5.406090298795953597e-01
5.551435255354071341e-01
5.440308021652867643e-01
5.485317985984418110e-01
5.267031445797724087e-01
5.464717956123560372e-01
5.526612754678458250e-01
5.538661606597364839e-01
5.412590074636920434e-01
5.600772564588971658e-01
5.381069620993934599e-01
5.289404390192987693e-01
5.514474806152840358e-01
5.521466139051048883e-01
5.414754769837294424e-01
5.475140485386966738e-01
5.605114017009422689e-01
5.442067834914651181e-01
5.447811127727089087e-01
5.396431901876651560e-01
5.469029973653224408e-01
5.450080238386538767e-01
5.581370806279815078e-01
5.452512974733977336e-01
5.697012859720220757e-01
5.356603709916422096e-01
5.328014234320584963e-01
5.519328645868512018e-01
5.594771515694538788e-01
5.399855351446479768e-01
5.421473677371484445e-01
5.325986355847682763e-01
5.433876688861124515e-01
5.424947522497960417e-01
5.492639002972466988e-01
5.282017968206180747e-01
5.406861105935352185e-01
5.247867872809861556e-01
5.529795639892872705e-01
5.392267000340638106e-01
5.352999967018930993e-01
5.464972970656601925e-01
5.502385538781610075e-01
5.450985332880371459e-01
5.457621824164348157e-01
5.533755957680941417e-01
5.583581784763981259e-01
5.468602720595514555e-01
5.554179750808690974e-01
5.500026329256325619e-01
5.607948859634545036e-01
5.361121234535165536e-01
5.521333215102254277e-01
5.553903086276443801e-01
5.426221691029644578e-01
5.564587638126485825e-01
5.609140810921722231e-01
5.411100033327624903e-01
5.459498062415970576e-01
5.536722011593664394e-01
5.351724473253633985e-01
5.239763375654232780e-01
5.208957872653594556e-01
5.253523380915996466e-01
5.078743314877487425e-01
5.081049473407146522e-01
5.029579439258029527e-01
4.971972520283102215e-01
4.887200495857830784e-01
4.741664009389730539e-01
4.864371170055601934e-01
4.822807189520536553e-01
4.675660203057939168e-01
4.615019773931309244e-01
4.550253878529949558e-01
4.565543047357303874e-01
4.254633400703028978e-01
4.400707574661688604e-01
4.302557257702557814e-01
4.272877815445592087e-01
4.249428748706258196e-01
4.310774066857125941e-01
4.125560681789431916e-01
4.218224162941068278e-01
4.170220135726240285e-01
3.959688415546201989e-01
3.889390719510430472e-01
3.967265571178455463e-01
3.960764943304420638e-01
3.809121888840676373e-01
3.926468984640889004e-01
3.746432374741622828e-01
3.755656519397252979e-01
3.692106161707799372e-01
3.608658634597423642e-01
3.494821551093980072e-01
3.525638041587121352e-01
3.428680814295867463e-01
3.514351487584389533e-01
3.389431499569574568e-01
3.354131573170386349e-01
3.327316311501684054e-01
3.315901855403926013e-01
3.242655279088483833e-01
3.150097657177040045e-01
3.096260789712880213e-01
3.013747867031723038e-01
3.150353622811112309e-01
3.123658674903662114e-01
3.083292108493730366e-01
2.946094949704082810e-01
2.902926458190384085e-01
2.959004566592673968e-01
2.916893129243313676e-01
2.816518443563960084e-01
2.804693584942769546e-01
2.799117653713133480e-01
2.835810633332820352e-01
2.717433885801581739e-01
2.595438440146523029e-01
2.684442196572836004e-01
2.652311262177109996e-01
2.691574300817156096e-01
2.579565736425002420e-01
2.539345268213960560e-01
2.593871997426842602e-01
2.497907580936598593e-01
2.333369306021512712e-01
2.478500612471702391e-01
2.287579536105481259e-01
2.450485975617037737e-01
2.297698594509200165e-01
2.343106752766647427e-01
2.248870881829333757e-01
2.259410841104783352e-01
2.219221932610054848e-01
2.157554852858856176e-01
2.138092455229152200e-01
2.087250290198063296e-01
2.031398773901733346e-01
2.067208671600735681e-01
2.035354070093812195e-01
2.014277088988707110e-01
1.958952149224478800e-01
1.980983032476473504e-01
1.951856833714341044e-01
1.906516807556323245e-01
1.819770453077375338e-01
1.793059413707581151e-01
1.779213180380457560e-01
1.853394219757415196e-01
1.727275474057926030e-01
1.770347790430496226e-01
1.768299281605382467e-01
1.620831695213605650e-01
1.616161968786908876e-01
1.659873421561525175e-01
1.553681191674891326e-01
1.495307337622472366e-01
1.571659543542592852e-01
1.544090732723772119e-01
1.493690475776499604e-01
1.490774801064070898e-01
1.468123899049143533e-01
1.383475428163304100e-01
1.427064843081319867e-01
1.366479292324737360e-01
1.414338162569004076e-01
1.349188098966665472e-01
1.312339276385711406e-01
1.306083582730804549e-01
1.260543497956723435e-01
1.248047970239633125e-01
1.186550602533898990e-01
1.152108569576290736e-01
1.182216714775540106e-01
1.146624332504391081e-01
1.125148746528172872e-01
1.070722753950180406e-01
1.080469928774526328e-01
1.058628716332563197e-01
9.879948152162471020e-02
9.619534200419431469e-02
9.665089059389340986e-02
9.151387414903715267e-02
9.156697066380374561e-02
8.707860232673296508e-02
8.531177879758973515e-02
8.295206672139797399e-02
8.256174595786232306e-02
8.258934441490693723e-02
7.484416158522534668e-02
7.734359790114143929e-02
7.173784757103943144e-02
7.298428669214643283e-02
6.970302702200388556e-02
6.707742164088807690e-02
6.401215816467413500e-02
6.022888197283053635e-02
6.260758917499983922e-02
6.048368494014023239e-02
5.495420774759134791e-02
5.314151221257316232e-02
4.972749757314904456e-02
4.944255732642705709e-02
4.771421488924857540e-02
4.430263941802158045e-02
4.085986111138688315e-02
4.080689872193046797e-02
3.866557909510230651e-02
3.685729429899385623e-02
3.402079007118063297e-02
3.085247060494414328e-02
2.831726059412207480e-02
2.736447853244979023e-02
2.558981301475348261e-02
2.167174652920412017e-02
1.984206467592145723e-02
1.870363777254024223e-02
1.541914432628945474e-02
1.422788573383372730e-02
1.166904591685589271e-02
9.206585206943963470e-03
7.277593743433578323e-03
5.090650920780166039e-03
2.747546638984569699e-03
5.553178567149665967e-04
-1.685541007510679180e-03
-3.829267692471697952e-03
-6.095994416187040972e-03
-7.916927919059166263e-03
-1.069874345657713735e-02
-1.222407724649275142e-02
-1.454277158219805487e-02
-1.726716841403748079e-02
-1.919098040636661034e-02
-2.228268237727576082e-02
-2.392300912486198042e-02
-2.609425563421450059e-02
-2.660612036644679698e-02
-3.072585507746535688e-02
-3.249154487282469167e-02
-3.373813257257022441e-02
-3.809825722678649579e-02
-3.827148948666232037e-02
-4.267482305646352891e-02
-4.558354768930465706e-02
-4.808986372927874509e-02
-4.823219757506523597e-02
-5.022852857513801506e-02
-4.983711601182724826e-02
-5.216956099208379383e-02
-5.747773102891150232e-02
-5.972490829420965680e-02
-6.268672999362813469e-02
-6.415079176708181341e-02
-6.810139662091752033e-02
-7.030687569195921693e-02
-7.026260791503684267e-02
-7.259974415715284013e-02
-7.887677940136690602e-02
-7.527093079024996247e-02
-7.762744716206705642e-02
-7.819717097682510332e-02
-8.436007055798658283e-02
-8.442480660081075339e-02
-9.171023641389265679e-02
-9.264241344689885804e-02
-8.929626109040830761e-02
-9.866665022123219386e-02
-9.750257240640873568e-02
-1.014714885751166612e-01
-9.988008654968089095e-02
-1.104741368289226117e-01
-1.075742105998089698e-01
-1.128268575592959178e-01
-1.077757202094994649e-01
-1.175514171039685335e-01
-1.165336402538596078e-01
-1.215247172393922603e-01
-1.251162116265709945e-01
-1.267632673013698030e-01
-1.281008313723070169e-01
-1.296976043558716596e-01
-1.365989404398492701e-01
-1.334943958417557641e-01
-1.374892684485669869e-01
-1.367130515978255412e-01
-1.496712103062440846e-01
-1.433645517553038817e-01
-1.418147473275375436e-01
-1.563379435628633740e-01
-1.535270449826466321e-01
-1.520383760354463432e-01
-1.583623500737189049e-01
-1.527590738246616675e-01
-1.623909138166170218e-01
-1.621512940874183795e-01
-1.599701300433413742e-01
-1.717078100565307130e-01
-1.738596286559455084e-01
-1.745002928128213115e-01
-1.771190167329045884e-01
-1.911127510891330317e-01
-1.941355492444138131e-01
-1.859102478941605519e-01
-1.905652784082155493e-01
-1.945896972359113797e-01
-1.981010064960531114e-01
-1.848552922839077628e-01
-1.898929944670185721e-01
-1.991992459996124731e-01
-2.128434247300097504e-01
-2.038992945340289964e-01
-2.075246701102412550e-01
-2.160318039110374899e-01
-2.207325242879425720e-01
-2.207271363339073089e-01
