-1.341179947889779678e+00
-1.339144809140376369e+00
-1.341696242219170276e+00
-1.338335198016697758e+00
-1.342456606416408960e+00
-1.346234812095712163e+00
-1.338324249427962576e+00
-1.350848651311038928e+00
-1.335460024827796799e+00
-1.355808232559370996e+00
-1.336738568097034285e+00
-1.337847435262516926e+00
-1.351167700178546704e+00
-1.332845507147302211e+00
-1.344021536436296627e+00
-1.350568050649767704e+00
-1.342363945139101178e+00
-1.349711931120262109e+00
-1.327405682014662913e+00
-1.324288659332811813e+00
-1.341005293948467791e+00
-1.359348221766855769e+00
-1.354928064389676168e+00
-1.346238711064061455e+00
-1.332418174450130222e+00
-1.347491524704295562e+00
-1.330123993698857587e+00
-1.328822520856082212e+00
-1.345271101485243648e+00
-1.336973709386024112e+00
-1.339852521124549112e+00
-1.340998879433611846e+00
-1.345395900759616570e+00
-1.346775372865390841e+00
-1.345870867877595911e+00
-1.339622174263340071e+00
-1.357404707397909638e+00
-1.333494287072188422e+00
-1.337819589289412914e+00
-1.355463515172997013e+00
-1.353125340076266170e+00
-1.327751179044415419e+00
-1.360289814868655078e+00
-1.336491897020052777e+00
-1.345901042374977097e+00
-1.343664039673017729e+00
-1.343470198543038174e+00
-1.335331987761477324e+00
-1.353147281956961434e+00
-1.355677670039458160e+00
-1.331226183421058806e+00
-1.346975977230982169e+00
-1.346479779387779185e+00
-1.350866759382398197e+00
-1.348173507864806497e+00
-1.342003450186340485e+00
-1.330295006913549516e+00
-1.368649498407261689e+00
-1.348709886667861735e+00
-1.356474491740974786e+00
-1.350887555757468883e+00
-1.340976846198421502e+00
-1.337037229385930504e+00
-1.320740792855759516e+00
-1.351652867756088616e+00
-1.342095806130416236e+00
-1.335543513673594695e+00
-1.350820660399094875e+00
-1.348617671228326653e+00
-1.340678674204099696e+00
-1.343578939284724383e+00
-1.345816930016896729e+00
-1.344582836632131739e+00
-1.338153591234679363e+00
-1.359854965070893762e+00
-1.335862958227482133e+00
-1.336227373966186072e+00
-1.346745714133044336e+00
-1.366093443165066201e+00
-1.480649063594851489e+00
-1.623072123691247537e+00
-1.782737507712448988e+00
-1.980592337232099043e+00
-2.236866039242132675e+00
-3.430563203498241176e+00
-3.391088112053036507e+00
-3.418830326427355182e+00
-3.388733476082958607e+00
-3.384457383775198114e+00
-3.400230044001412821e+00
-3.394284602262938932e+00
-3.388456413452728633e+00
-3.390736696759128588e+00
-3.409297380948096201e+00
-3.411817246858918740e+00
-3.401677770981238247e+00
-3.399578695021337360e+00
-3.408615658551070737e+00
-2.147029160024562788e+00
-1.854996615396579562e+00
-1.628229318286059435e+00
-1.468662824755284868e+00
-1.315555215129996069e+00
-1.285720749342789793e+00
-1.275654723282049208e+00
-1.310540658621081267e+00
-1.299743172320799056e+00
-1.275098205191704803e+00
-1.269943038220729070e+00
-1.282032680723692586e+00
-1.285817899068053549e+00
-1.289340584505208609e+00
-1.286194851866274025e+00
-1.279110804252586719e+00
-1.284725932785979019e+00
-1.276120341987694529e+00
-1.280492917872889658e+00
-1.273204435009037683e+00
-1.269265803630192035e+00
-1.261482255105199179e+00
-1.269578290768547557e+00
-1.293180648090688223e+00
-1.261074294123507800e+00
-1.285076431994974788e+00
-1.271625644523195264e+00
-1.267049398152339412e+00
-1.277190216138739398e+00
-1.275173719189482302e+00
-1.284647310887340632e+00
-1.266366455319401840e+00
-1.278027984959108299e+00
-1.266969671995970437e+00
-1.276076265755068606e+00
-1.278555278081940916e+00
-1.261951806244307583e+00
-1.267549043046649615e+00
-1.280161628554288944e+00
-1.298583231127971915e+00
-1.277902919123372394e+00
-1.270564659731163060e+00
-1.276314416962483378e+00
-1.288822496352682867e+00
-1.278820122467255516e+00
-1.289251253953453746e+00
-1.264549336860494533e+00
-1.276305059902391070e+00
-1.268777199547919121e+00
-1.269074070079164285e+00
-1.276688964082390410e+00
-1.272924967695530540e+00
-1.268193564948622232e+00
-1.282776257864300495e+00
-1.276584937993537894e+00
-1.292154636374439614e+00
-1.292697128480251312e+00
-1.275005632184533999e+00
-1.264856192515545708e+00
-1.273782128396580227e+00
-1.274155925371707188e+00
-1.294215714524619809e+00
-1.262769686537203784e+00
-1.268212637582488700e+00
-1.276722869067745902e+00
-1.277566900128291216e+00
-1.259114458722598417e+00
-1.267373159899667590e+00
-1.273203289931037929e+00
-1.278188473103915479e+00
-1.248950615097098371e+00
-1.273264043461178163e+00
-1.266233487606194474e+00
-1.267999562102411604e+00
-1.279828951496844613e+00
-1.269182769385229559e+00
-1.267476332920399074e+00
-1.285229621004066791e+00
-1.276353246218300264e+00
-1.283840627696466896e+00
-1.275240408883936194e+00
-1.273120801604314289e+00
-1.277028489865939198e+00
-1.279689145387471250e+00
-1.271218643864505227e+00
-1.272721225749078089e+00
-1.277685580833368473e+00
-1.276999556232845334e+00
-1.278120627735215509e+00
-1.275630161120362649e+00
-1.268070437004824136e+00
-1.271807952865818381e+00
-1.279320791959689174e+00
-1.279007175346145164e+00
-1.274718676119875882e+00
-1.276351367808286508e+00
-1.278326187725801422e+00
-1.269897558304358132e+00
-1.277073047425896668e+00
-1.277343764524834668e+00
-1.274909687713202899e+00
-1.274638761279911936e+00
-1.266774952767352413e+00
-1.272353668855106701e+00
-1.283865991678392104e+00
-1.272304125523249896e+00
-1.270944434069473772e+00
-1.271199148684371005e+00
-1.278409733430712292e+00
-1.280094626489603593e+00
-1.267286434848400978e+00
-1.278729865669852472e+00
-1.272367932894628462e+00
-1.267953091342791216e+00
-1.279733121043651112e+00
-1.276663401690326882e+00
-1.265364155019129910e+00
-1.244747687265901570e+00
-1.239188166180691164e+00
-1.218775722913279846e+00
-1.203726882583915359e+00
-1.196211731832194980e+00
-1.184689006097835007e+00
-1.172018770416982880e+00
-1.148210314793076892e+00
-1.127213096562334371e+00
-1.116404246895532859e+00
-1.097341627321642532e+00
-1.086386693821722149e+00
-1.098310428262073923e+00
-1.065424705694947072e+00
-1.064356762738555506e+00
-1.042869025870354127e+00
-1.052371117100924236e+00
-1.029118814856904374e+00
-1.005934246028071799e+00
-9.971727348630904375e-01
-9.932014192719361700e-01
-9.675936143858234750e-01
-9.608898758690597175e-01
-9.483542943512287549e-01
-9.262433201883728540e-01
-9.327480083398242972e-01
-9.296612715653560510e-01
-9.069627408956266734e-01
-8.842377771459932756e-01
-8.892653539252118877e-01
-8.795754795280777971e-01
-8.710123983972580808e-01
-8.518420570505823575e-01
-8.452695480711520659e-01
-8.398822976658611994e-01
-8.231259409519378067e-01
-8.056678369322923805e-01
-8.135865368620099902e-01
-7.989886858766656053e-01
-4.001187761930269371e-01
-3.923653126540492253e-01
-3.896779002885198406e-01
-3.720858901851684664e-01
-3.697596120249044827e-01
-3.705695060965839560e-01
-3.756503368220718286e-01
-3.585270944436990126e-01
-3.532136754044120086e-01
-3.572891679978930091e-01
-3.550659489545787695e-01
-3.409870076032050501e-01
-3.482525559700927476e-01
-3.330588310382879835e-01
-3.358074901545435309e-01
-3.203497392522731690e-01
-3.256442042564198780e-01
-3.142650074365384572e-01
-3.234639384454292554e-01
-3.128245616932562867e-01
-3.073819750349602864e-01
-2.985031713225372862e-01
-3.007290711034406039e-01
-2.939087352429471389e-01
-2.996651723242407250e-01
-2.852045023647951094e-01
-2.821102283476678019e-01
-2.765777083476141929e-01
-2.720767944298301266e-01
-2.727286693733872447e-01
-2.644157351236925968e-01
-2.530339019948635304e-01
-2.539989870245363268e-01
-2.593774539646673816e-01
-2.460721723902022651e-01
-2.438009742538687630e-01
-2.430795881141550041e-01
-2.439832939710087356e-01
-2.372679104550632634e-01
-2.376630466769305283e-01
-2.275003797867527211e-01
-2.236043939789645330e-01
-2.201686688790533974e-01
-2.123346548733321404e-01
-2.083915779156224057e-01
-2.090307567924224175e-01
-2.098143396489975110e-01
-2.004322426747382480e-01
-2.004575490164133278e-01
-1.976437397135414054e-01
-1.849692494546688604e-01
-1.951006192854197741e-01
-1.862915676165367573e-01
-1.790831736038573097e-01
-1.781254527138855792e-01
-1.744657139190171347e-01
-1.705553304277436233e-01
-1.750640268238490005e-01
-1.638261602812635942e-01
-1.631385062419010989e-01
-1.594577477428411605e-01
-1.568775659562461622e-01
-1.532832575997953584e-01
-1.460316533116010618e-01
-1.477755515078695847e-01
-1.377589674890933591e-01
-1.353468456549268562e-01
-1.325176760767322048e-01
-1.273423821304043024e-01
-1.278118557131966426e-01
-1.255241805986377635e-01
-1.208366034576285608e-01
-1.197360892588142101e-01
-1.147755528620299920e-01
-1.134008846131269316e-01
-1.094627151698377154e-01
-1.068781499126964796e-01
-1.015722475248246048e-01
-9.998394693761561425e-02
-9.203034375872479189e-02
-9.004155985755277203e-02
-9.016430187240226379e-02
-8.854998322225186846e-02
-8.061506335977330906e-02
-7.766219051506775828e-02
-7.446630570199086474e-02
-7.251788129922581705e-02
-7.015855754483336926e-02
-6.638694573114792274e-02
-6.326613625220398052e-02
-5.852098331280054105e-02
-5.594321758540660855e-02
-5.293084488027643975e-02
-4.983576421629720699e-02
-4.816207856468440046e-02
-4.448513943917829783e-02
-4.036031902015588951e-02
-3.758574867430148486e-02
-3.465273499993159340e-02
-3.171108340770058959e-02
-2.777913929644208746e-02
-2.520176424266828627e-02
-2.234451471751423487e-02
-1.909717853213679581e-02
-1.598996331255630662e-02
-1.259521064125439238e-02
-9.374026639570145689e-03
-6.384430476833388712e-03
-3.242160733890225941e-03
4.753201970908442808e-08
3.255984693480999149e-03
6.388261707752689901e-03
9.616980469051468472e-03
1.222381865352246966e-02
1.526223915338181976e-02
1.905666393800579256e-02
2.185215538094730653e-02
2.600791048289633270e-02
2.869534039698427852e-02
3.193580567485400368e-02
3.556410961824393868e-02
3.815025521007614495e-02
4.049925149339119596e-02
4.413336788708738939e-02
4.700300020084056257e-02
5.186870950935424524e-02
5.358064492594256933e-02
5.778113663141530576e-02
6.072098934250550611e-02
6.385984836079224014e-02
6.604444346435162094e-02
6.768284863204948598e-02
7.293991454028773969e-02
7.722548157423647641e-02
8.101466249039984691e-02
8.575538762039637553e-02
8.498542955304244639e-02
8.996438753122264209e-02
9.039588693056577196e-02
9.351590846253357570e-02
1.020984963926137024e-01
9.771064596663071866e-02
1.043099866989962987e-01
1.121942110092613853e-01
1.112549124213895596e-01
1.142897867841411036e-01
1.201725947476888212e-01
1.193367763415751626e-01
1.241847119791979481e-01
1.263994714600496505e-01
1.327699685732220414e-01
1.342473047320427715e-01
1.374025927866143471e-01
1.414943723458360059e-01
1.445307153347213103e-01
1.469476254672602289e-01
1.543434794939376464e-01
1.546408630712834964e-01
1.593465067485178854e-01
1.563062970270926166e-01
1.656094894818731789e-01
1.709729013392959351e-01
1.748534281665882206e-01
1.743138444489525651e-01
1.839476267647771335e-01
1.801780479241212318e-01
1.805093492083905404e-01
1.917495149878347682e-01
1.955707382962838803e-01
1.953143527166988358e-01
2.010700032539007032e-01
2.095211442120846201e-01
2.070128397704152912e-01
2.108373095460033264e-01
2.124368450616106740e-01
2.189475555518130556e-01
2.218459218353083795e-01
2.309528442668665194e-01
2.293142595660497274e-01
2.434749464315492939e-01
2.325909429569324172e-01
2.350124649277989253e-01
2.472649229916184244e-01
2.545307211823428228e-01
2.494334588410821729e-01
2.542377220078918532e-01
2.535187982964951514e-01
2.625105985862435931e-01
2.659505988002024979e-01
2.732109919608725068e-01
2.665470041579825478e-01
2.767724564072321924e-01
2.724663538509262128e-01
2.911666720938341224e-01
2.879111073649893160e-01
2.897958272990254214e-01
2.999477894929301613e-01
3.061454319095803789e-01
3.074175584562754970e-01
3.119558421427289230e-01
3.205576803476660186e-01
3.277610406547596389e-01
3.252685759348321048e-01
3.347119340628511575e-01
3.357894179293561820e-01
3.468357466766279762e-01
3.358618972199834962e-01
3.503508722295877176e-01
3.569287998680937268e-01
3.531635238716172576e-01
3.667569069578424656e-01
3.743532958301046820e-01
3.656662388555847465e-01
3.735432937195860559e-01
3.835356657865704455e-01
3.753084994722213907e-01
3.719851963181768917e-01
3.743369994795185951e-01
3.821553802219385676e-01
3.739411836654350507e-01
3.786512129509614910e-01
3.793486038415481709e-01
3.795239925837488593e-01
3.775356621659866629e-01
3.706809872551921070e-01
3.848160050605985427e-01
3.860727533563951819e-01
3.787404847547751752e-01
3.782590626031364089e-01
3.773606245953745053e-01
3.830958922241522457e-01
3.612109801007621357e-01
3.780031474283983006e-01
3.739079867749628416e-01
3.756777815429718226e-01
3.779853904230764949e-01
3.879201291854135758e-01
3.755834780262413131e-01
3.884938415776117981e-01
3.885435167533135559e-01
3.732190443878735664e-01
3.708540489087601699e-01
3.826737168781118581e-01
3.864828731904098591e-01
3.760005303441200097e-01
3.920824578600768384e-01
3.784466876257066015e-01
3.837822026087674976e-01
3.816687048045346864e-01
3.773753242830730770e-01
3.697180215409738291e-01
3.773153888246988386e-01
3.712094020297907471e-01
3.849167706425626889e-01
3.755636225834468322e-01
3.759912585732985146e-01
3.773456951287600392e-01
3.804538556560740359e-01
3.764126115534505157e-01
3.699637867189661811e-01
3.679205167071104010e-01
3.623387986531230731e-01
3.832388930709814678e-01
3.844924509632939302e-01
3.840300898301440835e-01
3.713101051871927072e-01
3.702366212231584242e-01
3.819063824424537845e-01
3.809913752029640555e-01
3.723117682092607073e-01
3.752287554528980773e-01
3.790235308882165532e-01
3.886647900913197118e-01
3.769896032312036738e-01
3.644801218640507101e-01
3.816199603003741503e-01
3.817134736597037614e-01
3.921735636458281160e-01
3.805409224704150439e-01
3.793011578136826767e-01
3.923235507882800177e-01
3.825889170922208149e-01
3.619323772168568376e-01
3.893585335934117708e-01
3.639849316908665422e-01
3.949452112543155868e-01
3.751345885444264949e-01
3.875508213942566171e-01
3.768581502189887189e-01
3.836373278766030404e-01
3.818346292691389698e-01
3.762038792088030492e-01
3.778452392922773129e-01
3.738768530127158929e-01
3.688567147360994336e-01
3.805384726676520057e-01
3.798837321279367463e-01
3.812173246354817469e-01
3.759825474711017135e-01
3.856243000889970074e-01
3.854094417230190528e-01
3.819077283999740002e-01
3.698556450362932568e-01
3.697978501554031183e-01
3.724001510226728762e-01
3.937511791912718384e-01
3.725202856247996075e-01
3.876549342611729232e-01
3.931942953313817268e-01
3.660350199268296856e-01
3.707437046129410940e-01
3.868489292086794151e-01
3.679440099141064180e-01
3.599002996391688636e-01
3.845239534672552084e-01
3.840918200646740721e-01
3.778394515744688542e-01
3.835601180139135979e-01
3.842840438892538568e-01
3.684904983697567804e-01
3.868693222925896902e-01
3.771322575699468382e-01
3.974863014638995717e-01
3.862176039212715239e-01
3.827481253982448206e-01
3.882098902480115021e-01
3.819515290913992334e-01
3.856272109298042317e-01
3.739772392074106611e-01
3.705245745619654141e-01
3.880910017355083119e-01
3.843483205179376028e-01
3.852497093963743735e-01
3.746331932669686449e-01
3.864689422523904239e-01
3.872595685133563004e-01
3.697959572336229628e-01
3.685633106375456602e-01
3.792501689356926886e-01
3.679513959080017438e-01
3.774494925177182547e-01
3.682076576117199740e-01
3.702623053904438022e-01
3.697587863250282325e-01
3.782226916261602345e-01
3.891105303691947404e-01
3.629171855076532838e-01
3.862905413633523355e-01
3.693502156315786600e-01
3.877060395420218741e-01
3.823980661363367561e-01
3.804224480123374885e-01
3.757013882967240037e-01
3.662465889379182271e-01
3.949287709228372911e-01
3.963038987169871796e-01
3.745503161142293980e-01
3.773410558914321866e-01
3.684825885199294326e-01
3.830326758873541237e-01
3.872269187663155976e-01
3.774707123499003170e-01
3.663844882106064293e-01
3.861216560177754831e-01
3.872234728148502003e-01
3.919760178235279224e-01
3.856714524798415811e-01
3.744225296361550215e-01
3.697061414618868502e-01
3.865425767018621506e-01
3.937099482161994790e-01
3.660480534739899428e-01
3.714584873591152414e-01
3.926679409615917993e-01
3.684300871024940860e-01
3.944250984854095754e-01
3.851628038310309088e-01
3.754364796160775675e-01
3.881396316227930798e-01
3.922290077606337411e-01
3.811552441507882194e-01
3.859991609022116466e-01
3.891738511167681658e-01
3.790945731904811766e-01
3.840776930844658765e-01
3.657874929260995223e-01
3.902272212486434522e-01
3.682870184943572989e-01
3.731888140486200878e-01
3.858692047164756778e-01
3.797820109726576798e-01
3.956600357037156068e-01
3.851859377946484919e-01
3.842941085798896039e-01
3.610036494735061052e-01
3.864693554142096255e-01
3.808515594444543684e-01
3.702299763807256339e-01
3.929752496849621690e-01
3.723795513577027316e-01
3.929192511831750001e-01
3.982795640233629531e-01
3.997483745199199578e-01
3.823168267064737114e-01
3.804513536428391629e-01
3.614047862663530286e-01
3.628366805288692487e-01
3.840132666950725748e-01
3.838841816148978459e-01
3.881644969893890962e-01
3.831704487616834909e-01
3.928361957632403589e-01
3.921025564465669966e-01
3.792468522973198586e-01
3.796204237244220625e-01
3.999220611308221818e-01
3.703705564749779078e-01
3.709855821038924861e-01
3.632411365731324504e-01
3.811663773026531810e-01
3.712922985115706398e-01
3.928356321827384812e-01
3.867360675802424819e-01
3.634971733658323712e-01
3.918680527634619271e-01
3.780197221409887232e-01
3.842268736694767206e-01
3.695509065370344848e-01
3.995807380532433450e-01
3.805298583040954696e-01
3.904896249187298496e-01
3.650954177523839661e-01
3.899118553427486367e-01
3.786175909929202499e-01
3.868799922645489442e-01
3.904204347822479160e-01
3.878457169953857808e-01
3.844129082006194076e-01
3.818449185031962401e-01
3.946709000289608249e-01
3.786190834901619895e-01
3.828903978058453839e-01
3.739315736870650886e-01
4.021639674170794376e-01
3.785225755585299168e-01
3.680062916781063342e-01
3.988203471354141993e-01
3.850957641810236476e-01
3.750564915947487421e-01
3.842736718212549918e-01
3.646898012614696594e-01
3.814925919916107300e-01
3.749123629028612292e-01
3.640891957081107133e-01
3.847606074743091242e-01
3.836195041446155973e-01
3.791987494972293704e-01
3.791141104609420664e-01
4.029874564718602947e-01
4.033342269596495999e-01
3.806103062625564859e-01
3.844991154705124092e-01
3.869911926781477995e-01
3.883748685535703959e-01
3.572986165344086973e-01
3.619041341797532563e-01
3.743742612139936976e-01
3.945110739131431621e-01
3.727698816850003594e-01
3.742527127889813676e-01
3.843488864564562624e-01
3.874611588897477477e-01
3.823061970524269104e-01
