time: 1655994137.1137993
-3.7246251457671313	4.003931625088392	-0.0883151465945649
6.968283731768055e-07	1.5950108447919885e-09	0.049666329920670715	7.681832836727744e-09	1.7583392344661487e-11	0.0005475213965886508	6.9687071413567434e-06	1.5951077614664155e-08	0.4966934776568577	0.0	0.0	0.0	0.0	0.0	0.0	0.0	0.0	0.0	0.0	0.0	0.0	0.0	0.0	0.0	0.0	0.0	0.0	0.0	0.0	0.0	0.0	0.0	0.0	0.0	0.0	0.0	
time: 1655994137.2058403
-3.7245290664059474	4.00387120155848	-0.18772856369891824
1.6708044133718879e-06	5.590772696723027e-06	0.09918429134809423	-2.769310614186207e-08	7.06198859336473e-08	-0.003780474591197238	1.672622356347116e-05	5.590447821629141e-05	0.9937605631786244	0.0	0.0	0.0	0.0	0.0	0.0	0.0	0.0	0.0	0.0	0.0	0.0	0.0	0.0	0.0	0.0	0.0	0.0	0.0	0.0	0.0	0.0	0.0	0.0	0.0	0.0	0.0	
time: 1655994137.305586
-3.724508425280595	4.003781783215241	-0.2869453292632834
3.4697029179454958e-06	1.445349533294115e-05	0.14793810863695384	-1.0832071216891355e-07	-2.4152808498550653e-07	-0.0129491854579868	3.476008612320796e-05	0.00014466501582642566	1.4898443910004502	0.0	0.0	0.0	0.0	0.0	0.0	0.0	0.0	0.0	0.0	0.0	0.0	0.0	0.0	0.0	0.0	0.0	0.0	0.0	0.0	0.0	0.0	0.0	0.0	0.0	0.0	0.0	
time: 1655994137.44158
-3.7244761412317073	4.003649068780056	-0.3860440980914246
9.340564860404643e-06	3.366641879152927e-05	0.1955191545815824	-6.406133344403156e-07	-1.84020114040465e-06	-0.02677766949600719	9.39007836070301e-05	0.00033795678715651915	1.985338235141156	0.0	0.0	0.0	0.0	0.0	0.0	0.0	0.0	0.0	0.0	0.0	0.0	0.0	0.0	0.0	0.0	0.0	0.0	0.0	0.0	0.0	0.0	0.0	0.0	0.0	0.0	0.0	
time: 1655994137.5336092
-3.7243980871230202	4.003477306948819	-0.4848485877699534
2.358138286798684e-05	6.75884585263485e-05	0.241426714502893	-2.6379023171371605e-06	-6.2789452211183895e-06	-0.04503193024923654	0.00023854969615359265	0.0006817216875113893	2.4793606835338	0.0	0.0	0.0	0.0	0.0	0.0	0.0	0.0	0.0	0.0	0.0	0.0	0.0	0.0	0.0	0.0	0.0	0.0	0.0	0.0	0.0	0.0	0.0	0.0	0.0	0.0	0.0	
time: 1655994137.6376503
-3.724334946886707	4.003280796161065	-0.5836000536722409
4.7099712796210725e-05	0.00011138087105329278	0.28535018860180716	-7.013047707394958e-06	-1.4081894204002576e-05	-0.06759192402272896	0.0004798579965550713	0.0011299137641008273	2.9731180130452373	0.0	0.0	0.0	0.0	0.0	0.0	0.0	0.0	0.0	0.0	0.0	0.0	0.0	0.0	0.0	0.0	0.0	0.0	0.0	0.0	0.0	0.0	0.0	0.0	0.0	0.0	0.0	
time: 1655994137.6962433
-3.724278167390554	4.003064637607972	-0.6822802060541884
8.254271986367263e-05	0.0001643091716963582	0.32688985052465164	-1.5309816994089726e-05	-2.6045487451261703e-05	-0.09422538270845991	0.0008483691613197299	0.001678445107586289	3.4665187749549746	0.0	0.0	0.0	0.0	0.0	0.0	0.0	0.0	0.0	0.0	0.0	0.0	0.0	0.0	0.0	0.0	0.0	0.0	0.0	0.0	0.0	0.0	0.0	0.0	0.0	0.0	0.0	
time: 1655994137.8337977
-3.7242358052371443	4.0028329465259	-0.780918085639061
0.0001314218263552589	0.0002238427319723899	0.36568294130826534	-2.9158449316979633e-05	-4.238707762639168e-05	-0.12469045390096532	0.0013648538138600831	0.0023048374694026427	3.9597081728793375	0.0	0.0	0.0	0.0	0.0	0.0	0.0	0.0	0.0	0.0	0.0	0.0	0.0	0.0	0.0	0.0	0.0	0.0	0.0	0.0	0.0	0.0	0.0	0.0	0.0	0.0	0.0	
time: 1655994137.929743
-3.724200423961106	4.002594369699196	-0.8794871945295688
0.00019394205918823676	0.0002863967169206082	0.401360435509929	-5.006769229469041e-05	-6.26452503346492e-05	-0.1587050947213884	0.0020383839101945854	0.002974764790856024	4.4525537173318765	0.0	0.0	0.0	0.0	0.0	0.0	0.0	0.0	0.0	0.0	0.0	0.0	0.0	0.0	0.0	0.0	0.0	0.0	0.0	0.0	0.0	0.0	0.0	0.0	0.0	0.0	0.0	
time: 1655994138.0336392
-3.724170988765863	4.002350368143287	-0.9779811799407392
0.0002705429129586	0.0003493820602596765	0.4336007406234189	-7.973844423257235e-05	-8.62132222602178e-05	-0.19594789971974774	0.00288238937679008	0.00366303696660159	4.945023644387729	0.0	0.0	0.0	0.0	0.0	0.0	0.0	0.0	0.0	0.0	0.0	0.0	0.0	0.0	0.0	0.0	0.0	0.0	0.0	0.0	0.0	0.0	0.0	0.0	0.0	0.0	0.0	
time: 1655994138.1256175
-3.7241593900128214	4.002096453649001	-1.0764634301283822
0.0003627953262721636	0.0004112894270393358	0.4621541157292612	-0.00012051552338626634	-0.00011254648316047272	-0.23608482816159648	0.003925168648340742	0.0043547476310528644	5.437434895325944	0.0	0.0	0.0	0.0	0.0	0.0	0.0	0.0	0.0	0.0	0.0	0.0	0.0	0.0	0.0	0.0	0.0	0.0	0.0	0.0	0.0	0.0	0.0	0.0	0.0	0.0	0.0	
time: 1655994138.2176685
-3.7241561267155157	4.001842288938857	-1.1749065968198433
0.0004673592356341371	0.00046761419386122274	0.4867236842768484	-0.00017272762848983132	-0.0001394285894518869	-0.27875813150839224	0.005141904343343434	0.00499929904722341	5.929650728783249	0.0	0.0	0.0	0.0	0.0	0.0	0.0	0.0	0.0	0.0	0.0	0.0	0.0	0.0	0.0	0.0	0.0	0.0	0.0	0.0	0.0	0.0	0.0	0.0	0.0	0.0	0.0	
time: 1655994138.3271616
-3.724156258357387	4.001576580441842	-1.2733741518499269
0.0005883000046963702	0.0005183881949490437	0.5071633645059067	-0.00024039154937468893	-0.00016628605244670163	-0.3235762830319899	0.006595602211034471	0.005594622754892333	6.421988503933667	0.0	0.0	0.0	0.0	0.0	0.0	0.0	0.0	0.0	0.0	0.0	0.0	0.0	0.0	0.0	0.0	0.0	0.0	0.0	0.0	0.0	0.0	0.0	0.0	0.0	0.0	0.0	
time: 1655994138.4255989
-3.7241616328890363	4.001319107299957	-1.3717183408279314
0.0007151906343730171	0.0005578002824963457	0.5231548059113418	-0.0003194537090691361	-0.00018907094444282812	-0.37010481081039215	0.00817691863275139	0.006066985796568999	6.91370944882369	0.0	0.0	0.0	0.0	0.0	0.0	0.0	0.0	0.0	0.0	0.0	0.0	0.0	0.0	0.0	0.0	0.0	0.0	0.0	0.0	0.0	0.0	0.0	0.0	0.0	0.0	0.0	
time: 1655994138.5576112
-3.7241759380119412	4.0010665629517925	-1.4700822186082858
0.0008473639253611475	0.0005853162117223464	0.534595578916388	-0.0004107414656514215	-0.00020605117201785865	-0.4179695179259641	0.009891336879381681	0.00640046385606074	7.405528837725462	0.0	0.0	0.0	0.0	0.0	0.0	0.0	0.0	0.0	0.0	0.0	0.0	0.0	0.0	0.0	0.0	0.0	0.0	0.0	0.0	0.0	0.0	0.0	0.0	0.0	0.0	0.0	
time: 1655994138.6457932
-3.7241951125226547	4.000854447091213	-1.5682219533435569
0.0009630750115530351	0.0005980477768380693	0.5410984989532794	-0.0004990740064863933	-0.0002138112259956749	-0.4666321481981155	0.011460675914639982	0.006548493223985697	7.896227511401817	0.0	0.0	0.0	0.0	0.0	0.0	0.0	0.0	0.0	0.0	0.0	0.0	0.0	0.0	0.0	0.0	0.0	0.0	0.0	0.0	0.0	0.0	0.0	0.0	0.0	0.0	0.0	
time: 1655994138.7496624
-3.72421870533682	4.000780492108717	-1.6655728956425737
0.0010060159960023865	0.0005986634195517542	0.5418367665446508	-0.0005352950587119731	-0.00021353339671314084	-0.5153058800632597	0.012073637840596998	0.006546373475691023	8.382982222896901	0.0	0.0	0.0	0.0	0.0	0.0	0.0	0.0	0.0	0.0	0.0	0.0	0.0	0.0	0.0	0.0	0.0	0.0	0.0	0.0	0.0	0.0	0.0	0.0	0.0	0.0	0.0	
time: 1655994138.8457963
-3.7242450398761533	4.000782339886185	-1.7624447964973669
0.001020580177376181	0.0005974821183988478	0.5374733543778898	-0.0005488560218162333	-0.00021225315969548297	-0.5635453960626391	0.012293824766585313	0.006525338384722751	8.867341727170867	0.0	0.0	0.0	0.0	0.0	0.0	0.0	0.0	0.0	0.0	0.0	0.0	0.0	0.0	0.0	0.0	0.0	0.0	0.0	0.0	0.0	0.0	0.0	0.0	0.0	0.0	0.0	
time: 1655994138.9376612
-3.7242669995135227	4.000786576394628	-1.8593139506944292
0.0010326586303771553	0.0005953389076691275	0.5284423434353407	-0.0005612613882155696	-0.00020985971010694285	-0.6111309866190245	0.012488299026807355	0.006487356051703365	9.35168749815618	0.0	0.0	0.0	0.0	0.0	0.0	0.0	0.0	0.0	0.0	0.0	0.0	0.0	0.0	0.0	0.0	0.0	0.0	0.0	0.0	0.0	0.0	0.0	0.0	0.0	0.0	0.0	
time: 1655994139.0460165
-3.7242906668752154	4.000792671162137	-1.9561863713284726
0.001045347000489219	0.0005918230022820503	0.5148798230853514	-0.0005756358794178125	-0.00020562667301842388	-0.6576301989465829	0.012707066332234531	0.006422034032165872	9.836049601326398	0.0	0.0	0.0	0.0	0.0	0.0	0.0	0.0	0.0	0.0	0.0	0.0	0.0	0.0	0.0	0.0	0.0	0.0	0.0	0.0	0.0	0.0	0.0	0.0	0.0	0.0	0.0	
time: 1655994139.14967
-3.7243236973896092	4.000782960152168	-2.053173659800424
0.0010622120571617789	0.0005853769752919574	0.4969638646019383	-0.0005967273732938193	-0.00019715515763087647	-0.7026942271726249	0.01302024688404705	0.0062942823425664275	10.320986043686155	0.0	0.0	0.0	0.0	0.0	0.0	0.0	0.0	0.0	0.0	0.0	0.0	0.0	0.0	0.0	0.0	0.0	0.0	0.0	0.0	0.0	0.0	0.0	0.0	0.0	0.0	0.0	
time: 1655994139.2456434
-3.7243704526314354	4.0005831214186065	-2.1515346210722597
0.0011553272998532597	0.0005394394345836404	0.4760262311796419	-0.000725811278655599	-0.00012997601525472263	-0.7472455693304917	0.014895692541123266	0.005302811311718102	10.812790850045332	0.0	0.0	0.0	0.0	0.0	0.0	0.0	0.0	0.0	0.0	0.0	0.0	0.0	0.0	0.0	0.0	0.0	0.0	0.0	0.0	0.0	0.0	0.0	0.0	0.0	0.0	0.0	
time: 1655994139.3456435
-3.724415278332751	4.000396350749505	-2.2499298498130202
0.0012345085019624994	0.0004903727055493285	0.4507707624709503	-0.0008474578999142557	-5.1017233080112166e-05	-0.7895170717262479	0.01663083938964363	0.004155551534848393	11.304766993749134	0.0	0.0	0.0	0.0	0.0	0.0	0.0	0.0	0.0	0.0	0.0	0.0	0.0	0.0	0.0	0.0	0.0	0.0	0.0	0.0	0.0	0.0	0.0	0.0	0.0	0.0	0.0	
time: 1655994139.4415874
-3.7244624109166784	4.0002278931077955	-2.348317784258655
0.0012984306938849384	0.0004416525034543774	0.42140982896858387	-0.0009568032092170723	3.5920804882909225e-05	-0.8290378578649222	0.018168093069890555	0.0029068864625205262	11.796706665977307	0.0	0.0	0.0	0.0	0.0	0.0	0.0	0.0	0.0	0.0	0.0	0.0	0.0	0.0	0.0	0.0	0.0	0.0	0.0	0.0	0.0	0.0	0.0	0.0	0.0	0.0	0.0	
time: 1655994139.533654
-3.724511442832578	4.000078084462317	-2.4467072504180107
0.0013480800548613134	0.0003956079813918759	0.38822415376760955	-0.0010519658966091387	0.000127798066398445	-0.8654011698163545	0.019491552596115205	0.0015970823859936787	12.288653996774086	0.0	0.0	0.0	0.0	0.0	0.0	0.0	0.0	0.0	0.0	0.0	0.0	0.0	0.0	0.0	0.0	0.0	0.0	0.0	0.0	0.0	0.0	0.0	0.0	0.0	0.0	0.0	
time: 1655994139.6343222
-3.7245619313939446	3.9999483470609367	-2.5450981127962478
0.0013846700839403752	0.0003544374970632508	0.3515312111413432	-0.0011311843462228819	0.00022057543650013683	-0.8982149647651122	0.0205850139390404	0.00027884151862877653	12.78060830866527	0.0	0.0	0.0	0.0	0.0	0.0	0.0	0.0	0.0	0.0	0.0	0.0	0.0	0.0	0.0	0.0	0.0	0.0	0.0	0.0	0.0	0.0	0.0	0.0	0.0	0.0	0.0	
time: 1655994139.7272031
-3.724613418586022	3.9998398543780995	-2.643490423166238
0.0014100074151699974	0.0003196975669260865	0.31169292645388375	-0.0011937891199337012	0.0003100841518915369	-0.9271204735501817	0.021445064260970488	-0.0009939795165565797	13.27256986051522	0.0	0.0	0.0	0.0	0.0	0.0	0.0	0.0	0.0	0.0	0.0	0.0	0.0	0.0	0.0	0.0	0.0	0.0	0.0	0.0	0.0	0.0	0.0	0.0	0.0	0.0	0.0	
time: 1655994139.8697867
-3.724665431521411	3.9997535775486814	-2.7418841152974966
0.0014262730052349007	0.00029218901636336324	0.2691127658755233	-0.0012402573083641277	0.0003924259078792387	-0.9517993603466183	0.02208159669104122	-0.0021706801539927096	13.764538321171514	0.0	0.0	0.0	0.0	0.0	0.0	0.0	0.0	0.0	0.0	0.0	0.0	0.0	0.0	0.0	0.0	0.0	0.0	0.0	0.0	0.0	0.0	0.0	0.0	0.0	0.0	0.0	
time: 1655994139.9577208
-3.724717485742884	3.9996902792688402	-2.8402791469188187
0.0014357946457248323	0.0002718839402354556	0.22423225034277822	-0.0012722189861541899	0.00046457046074742327	-0.9719836952932347	0.02251817844196262	-0.0032110397577698544	14.256513479278125	0.0	0.0	0.0	0.0	0.0	0.0	0.0	0.0	0.0	0.0	0.0	0.0	0.0	0.0	0.0	0.0	0.0	0.0	0.0	0.0	0.0	0.0	0.0	0.0	0.0	0.0	0.0	
time: 1655994140.0615711
-3.72476907108178	3.9996505314586943	-2.9386751199599805
0.0014408040536527155	0.000257916394632321	0.17752628768994966	-0.0012923486395312455	0.000525289033562771	-0.9874710092236629	0.022791246827283576	-0.0040982212682381695	14.748493344483935	0.0	0.0	0.0	0.0	0.0	0.0	0.0	0.0	0.0	0.0	0.0	0.0	0.0	0.0	0.0	0.0	0.0	0.0	0.0	0.0	0.0	0.0	0.0	0.0	0.0	0.0	0.0	
time: 1655994140.153655
-3.724819674628765	3.9996346730865304	-3.0370718781504293
0.0014431892878090256	0.00024865895312659833	0.12949494061963493	-0.0013040438839840734	0.0005768363448223219	-0.998151922573831	0.022946386769463843	-0.004864450437658047	15.240477135436178	0.0	0.0	0.0	0.0	0.0	0.0	0.0	0.0	0.0	0.0	0.0	0.0	0.0	0.0	0.0	0.0	0.0	0.0	0.0	0.0	0.0	0.0	0.0	0.0	0.0	0.0	0.0	
time: 1655994140.2575805
-3.7248688384852597	3.9996454072135856	-3.1354691906069836
0.0014442331875976586	0.00024215409321321337	0.0806447918824278	-0.0013104112120989953	0.000627073466145347	-1.0040475927838735	0.023023956412506548	-0.005627252718749765	15.732463697718948	0.0	0.0	0.0	0.0	0.0	0.0	0.0	0.0	0.0	0.0	0.0	0.0	0.0	0.0	0.0	0.0	0.0	0.0	0.0	0.0	0.0	0.0	0.0	0.0	0.0	0.0	0.0	
time: 1655994140.3496552
-3.7249193522378667	3.999673622305472	3.0491676308758673
0.0014445224785743047	0.00023748665479256776	-3.011610069026956	-0.0013120978522594608	0.0006855444013811921	-1.0238934283887535	0.023027004764636202	-0.006537517980827249	46.6556478051332	0.0	0.0	0.0	0.0	0.0	0.0	0.0	0.0	0.0	0.0	0.0	0.0	0.0	0.0	0.0	0.0	0.0	0.0	0.0	0.0	0.0	0.0	0.0	0.0	0.0	0.0	0.0	
time: 1655994140.4538412
-3.724991699596246	3.9997331803240126	2.949964692659729
0.0014707319579764762	0.0005185626498069129	-3.0614033418099	-0.001305386723907667	0.0007821012315809372	-1.0236689096298843	0.022619892513880104	-0.010890617101702948	47.15166249621389	0.0	0.0	0.0	0.0	0.0	0.0	0.0	0.0	0.0	0.0	0.0	0.0	0.0	0.0	0.0	0.0	0.0	0.0	0.0	0.0	0.0	0.0	0.0	0.0	0.0	0.0	0.0	
time: 1655994140.5895677
-3.725012401547214	3.9998251633585684	2.850745763349271
0.00152541451404331	0.0008021081323906931	-3.1109514339027644	-0.0012890392838619687	0.0008782786807075434	-1.018584690711773	0.0217721714415205	-0.015254007357681372	47.647757142766174	0.0	0.0	0.0	0.0	0.0	0.0	0.0	0.0	0.0	0.0	0.0	0.0	0.0	0.0	0.0	0.0	0.0	0.0	0.0	0.0	0.0	0.0	0.0	0.0	0.0	0.0	0.0	
time: 1655994140.644313
-3.725030351495328	3.9999616455291385	2.7515132118289025
0.001647516987807635	0.0012130308767337949	-3.1603647966349286	-0.001251478325120728	0.0010155020273035793	-1.0106401448286035	0.01989040864912032	-0.0215356488971124	48.14391990036802	0.0	0.0	0.0	0.0	0.0	0.0	0.0	0.0	0.0	0.0	0.0	0.0	0.0	0.0	0.0	0.0	0.0	0.0	0.0	0.0	0.0	0.0	0.0	0.0	0.0	0.0	0.0	
time: 1655994140.7775998
-3.725079078922376	4.0001352278026205	2.652535954876733
0.001863256756240192	0.0017417374802162393	-3.2094364400986173	-0.001185042716146883	0.0011890795825594924	-0.999849415584167	0.0165874978331097	-0.029560258730548832	48.638806185128864	0.0	0.0	0.0	0.0	0.0	0.0	0.0	0.0	0.0	0.0	0.0	0.0	0.0	0.0	0.0	0.0	0.0	0.0	0.0	0.0	0.0	0.0	0.0	0.0	0.0	0.0	0.0	
time: 1655994140.8776662
-3.725146931247215	4.000339492896631	2.5537187881851584
0.002186873689627693	0.0023550580568675477	-3.2579714416420034	-0.0010862976698201904	0.0013866577137678212	-0.9858793823824279	0.011666233098149213	-0.038797252443892455	49.13289201858674	0.0	0.0	0.0	0.0	0.0	0.0	0.0	0.0	0.0	0.0	0.0	0.0	0.0	0.0	0.0	0.0	0.0	0.0	0.0	0.0	0.0	0.0	0.0	0.0	0.0	0.0	0.0	
time: 1655994140.9664087
-3.7252030291063774	4.000565664173478	2.454982622435105
0.002607420762922924	0.0029925174241277057	-3.305401323602416	-0.0009600491155190138	0.00158754254201704	-0.9680272861632624	0.005314270099880117	-0.04831808146299242	49.626572847337	0.0	0.0	0.0	0.0	0.0	0.0	0.0	0.0	0.0	0.0	0.0	0.0	0.0	0.0	0.0	0.0	0.0	0.0	0.0	0.0	0.0	0.0	0.0	0.0	0.0	0.0	0.0	
time: 1655994141.0656424
-3.7252505535651963	4.000812504709524	2.356275696658115
0.003134694168819502	0.003643760298220653	-3.3514792914397713	-0.0008054055480390042	0.0017875043561968683	-0.9463892083977613	-0.002595595906906251	-0.05795827916154957	50.12010747622195	0.0	0.0	0.0	0.0	0.0	0.0	0.0	0.0	0.0	0.0	0.0	0.0	0.0	0.0	0.0	0.0	0.0	0.0	0.0	0.0	0.0	0.0	0.0	0.0	0.0	0.0	0.0	
time: 1655994141.153588
-3.72528651438119	4.0010662796878975	2.2576165185221044
0.0037442688828248677	0.004262742622911755	-3.3954463754051627	-0.000631870267493396	0.0019718266725801312	-0.92059519401762	-0.011679831968230874	-0.06703374745173069	50.613403366902006	0.0	0.0	0.0	0.0	0.0	0.0	0.0	0.0	0.0	0.0	0.0	0.0	0.0	0.0	0.0	0.0	0.0	0.0	0.0	0.0	0.0	0.0	0.0	0.0	0.0	0.0	0.0	
time: 1655994141.2467375
-3.7253132837240837	4.00132672136452	2.1590120957451564
0.00443617585382939	0.004841058777540873	-3.436954770539382	-0.0004419197177881799	0.0021379577727686574	-0.8908738582881648	-0.021927452995446208	-0.07542607478628532	51.10642548078675	0.0	0.0	0.0	0.0	0.0	0.0	0.0	0.0	0.0	0.0	0.0	0.0	0.0	0.0	0.0	0.0	0.0	0.0	0.0	0.0	0.0	0.0	0.0	0.0	0.0	0.0	0.0	
time: 1655994141.3936276
-3.7253316234309035	4.001587861828568	2.060481476820281
0.00519192497762147	0.005357744313786201	-3.475421259661446	-0.00024314010594706406	0.0022803024790033054	-0.8573120801529032	-0.03305823681821286	-0.08283882313017034	51.59907857541113	0.0	0.0	0.0	0.0	0.0	0.0	0.0	0.0	0.0	0.0	0.0	0.0	0.0	0.0	0.0	0.0	0.0	0.0	0.0	0.0	0.0	0.0	0.0	0.0	0.0	0.0	0.0	
time: 1655994141.4856524
-3.7253396203486853	4.001843449406996	1.9620143709014428
0.0059862903512584	0.005795310520868027	-3.510222094238483	-4.4317818818896295e-05	0.0023951197888735258	-0.8200704305688108	-0.044702353223889935	-0.08903357061403043	52.09141410500532	0.0	0.0	0.0	0.0	0.0	0.0	0.0	0.0	0.0	0.0	0.0	0.0	0.0	0.0	0.0	0.0	0.0	0.0	0.0	0.0	0.0	0.0	0.0	0.0	0.0	0.0	0.0	
time: 1655994141.5856602
-3.7253411383172423	4.002106067613423	1.8635559259289727
0.006852427174733131	0.006169249875870263	-3.5416406859939054	0.0001605194316697337	0.00248780371290689	-0.7797772388649623	-0.05734914708461137	-0.09423796284169458	52.583706329867674	0.0	0.0	0.0	0.0	0.0	0.0	0.0	0.0	0.0	0.0	0.0	0.0	0.0	0.0	0.0	0.0	0.0	0.0	0.0	0.0	0.0	0.0	0.0	0.0	0.0	0.0	0.0	
time: 1655994141.681711
-3.725335935156071	4.002369028811323	1.7651320568574904
0.007762067899140438	0.00646244851119539	-3.5690847511415673	0.0003622352791879304	0.0025556534598983865	-0.7366505453310905	-0.07059094436591526	-0.09821670224155744	53.07582567522508	0.0	0.0	0.0	0.0	0.0	0.0	0.0	0.0	0.0	0.0	0.0	0.0	0.0	0.0	0.0	0.0	0.0	0.0	0.0	0.0	0.0	0.0	0.0	0.0	0.0	0.0	0.0	
time: 1655994141.7856603
-3.725322823127725	4.0026306722747655	1.6667048040256325
0.008701121087446289	0.006668698757479921	-3.592231267716528	0.0005558333062867042	0.002599285197435934	-0.6910484478105113	-0.08423370734459554	-0.1008890061048122	53.567961939384375	0.0	0.0	0.0	0.0	0.0	0.0	0.0	0.0	0.0	0.0	0.0	0.0	0.0	0.0	0.0	0.0	0.0	0.0	0.0	0.0	0.0	0.0	0.0	0.0	0.0	0.0	0.0	
time: 1655994141.8816378
-3.725303581384449	4.002826241351869	1.5686683864327957
0.009422325948530996	0.006756137770567877	-3.6074037686435694	0.0006927826383341623	0.0026151760559781885	-0.6432635759856434	-0.09471224270212106	-0.10188733689207972	54.05814402734856	0.0	0.0	0.0	0.0	0.0	0.0	0.0	0.0	0.0	0.0	0.0	0.0	0.0	0.0	0.0	0.0	0.0	0.0	0.0	0.0	0.0	0.0	0.0	0.0	0.0	0.0	0.0	
time: 1655994141.981709
-3.725279764668658	4.002906100098868	1.471278097309743
0.0097312150180437	0.0067639888382982054	-3.611805051924663	0.0007463712883831597	0.002615443211305635	-0.5945589554924569	-0.09921714373453899	-0.10187375778317445	54.54509547296382	0.0	0.0	0.0	0.0	0.0	0.0	0.0	0.0	0.0	0.0	0.0	0.0	0.0	0.0	0.0	0.0	0.0	0.0	0.0	0.0	0.0	0.0	0.0	0.0	0.0	0.0	0.0	
time: 1655994142.0738218
-3.7252550512241833	4.002904316972259	1.374405389126734
0.009822744990760045	0.006757606706020388	-3.6083375187824465	0.0007607948509718998	0.002613737916819545	-0.5462279802522405	-0.10056183535347775	-0.10173939194004088	55.02945901387887	0.0	0.0	0.0	0.0	0.0	0.0	0.0	0.0	0.0	0.0	0.0	0.0	0.0	0.0	0.0	0.0	0.0	0.0	0.0	0.0	0.0	0.0	0.0	0.0	0.0	0.0	0.0	
time: 1655994142.1736631
-3.7252323395853235	4.002899928312194	1.2775384589774994
0.00990692186351979	0.006743626403808272	-3.6001351116738505	0.0007727493769857835	0.002610835399860008	-0.4984771540316979	-0.10181007341342657	-0.10149078893360347	55.51379366462504	0.0	0.0	0.0	0.0	0.0	0.0	0.0	0.0	0.0	0.0	0.0	0.0	0.0	0.0	0.0	0.0	0.0	0.0	0.0	0.0	0.0	0.0	0.0	0.0	0.0	0.0	0.0	
time: 1655994142.2656384
-3.7252103670668797	4.002893489836707	1.1806680752863787
0.009988100269681128	0.006722023528226001	-3.587350629153149	0.000783023942399841	0.00260689631250827	-0.45174236585555794	-0.10302655694983459	-0.1011230503365833	55.99814558308064	0.0	0.0	0.0	0.0	0.0	0.0	0.0	0.0	0.0	0.0	0.0	0.0	0.0	0.0	0.0	0.0	0.0	0.0	0.0	0.0	0.0	0.0	0.0	0.0	0.0	0.0	0.0	
time: 1655994142.357931
-3.7251783564935894	4.002900315778991	1.0836982567934692
0.01009988585531264	0.006680421793616202	-3.5706065927307598	0.0007954513680634356	0.0026000523623244134	-0.40620355877785763	-0.10472106381487672	-0.10042569495487777	56.48299467554519	0.0	0.0	0.0	0.0	0.0	0.0	0.0	0.0	0.0	0.0	0.0	0.0	0.0	0.0	0.0	0.0	0.0	0.0	0.0	0.0	0.0	0.0	0.0	0.0	0.0	0.0	0.0	
time: 1655994142.465586
-3.7251294623831903	4.003097735619822	0.9853505449316345
0.010762329800894239	0.006358002778418345	-3.5577417846222787	0.0008576238438349413	0.002553105585176332	-0.3573718734528691	-0.11487159569050175	-0.09503997065982799	56.97473323485437	0.0	0.0	0.0	0.0	0.0	0.0	0.0	0.0	0.0	0.0	0.0	0.0	0.0	0.0	0.0	0.0	0.0	0.0	0.0	0.0	0.0	0.0	0.0	0.0	0.0	0.0	0.0	
time: 1655994142.5696511
-3.7250845016636127	4.00328362014539	0.8869568910093785
0.011349245511230455	0.005996651277129907	-3.539638584478928	0.000901592084893693	0.002506578297544007	-0.3103471222359717	-0.1239518922924621	-0.0890113478585774	57.46670150446565	0.0	0.0	0.0	0.0	0.0	0.0	0.0	0.0	0.0	0.0	0.0	0.0	0.0	0.0	0.0	0.0	0.0	0.0	0.0	0.0	0.0	0.0	0.0	0.0	0.0	0.0	0.0	
time: 1655994142.665609
-3.7250372432139716	4.003451327521416	0.7885696437660864
0.011845198555049492	0.005618588086204957	-3.5163208863057234	0.0009291248426933786	0.002463817333379221	-0.26588864506088816	-0.13171194493010213	-0.08267894500005032	57.95863774068211	0.0	0.0	0.0	0.0	0.0	0.0	0.0	0.0	0.0	0.0	0.0	0.0	0.0	0.0	0.0	0.0	0.0	0.0	0.0	0.0	0.0	0.0	0.0	0.0	0.0	0.0	0.0	
time: 1655994142.773635
-3.724988102616963	4.003600361447259	0.6901809965137985
0.012252119988452714	0.005238505708468691	-3.488097415603862	0.0009435626625499926	0.002426345890717831	-0.2245819794483799	-0.13816188546577055	-0.07626278023708734	58.45058097694355	0.0	0.0	0.0	0.0	0.0	0.0	0.0	0.0	0.0	0.0	0.0	0.0	0.0	0.0	0.0	0.0	0.0	0.0	0.0	0.0	0.0	0.0	0.0	0.0	0.0	0.0	0.0	
time: 1655994142.8660614
-3.7249375252025114	4.00372929080953	0.5917909903861379
0.012572475773210929	0.004872475467144903	-3.4553156031445424	0.0009481838708240314	0.0023951443380605436	-0.1870182745850863	-0.14331390455964022	-0.0700162864442107	58.94253100758185	0.0	0.0	0.0	0.0	0.0	0.0	0.0	0.0	0.0	0.0	0.0	0.0	0.0	0.0	0.0	0.0	0.0	0.0	0.0	0.0	0.0	0.0	0.0	0.0	0.0	0.0	0.0	
time: 1655994142.9616034
-3.7248859720532654	4.00383690203523	0.49339959418689905
0.01281245351879064	0.004534813180529346	-3.4184094306656023	0.0009461708242915208	0.0023704354423238296	-0.1537373974920891	-0.14723521359807823	-0.06417614616583371	59.43448798857804	0.0	0.0	0.0	0.0	0.0	0.0	0.0	0.0	0.0	0.0	0.0	0.0	0.0	0.0	0.0	0.0	0.0	0.0	0.0	0.0	0.0	0.0	0.0	0.0	0.0	0.0	0.0	
time: 1655994143.057985
-3.7248339182761945	4.003922201671936	0.3950069057415107
0.012981544138049077	0.004236928524713301	-3.377893769701969	0.0009403498530999891	0.0023518130217630804	-0.12520609360310536	-0.15004584966818432	-0.058943329460277916	59.92645143080498	0.0	0.0	0.0	0.0	0.0	0.0	0.0	0.0	0.0	0.0	0.0	0.0	0.0	0.0	0.0	0.0	0.0	0.0	0.0	0.0	0.0	0.0	0.0	0.0	0.0	0.0	0.0	
time: 1655994143.1976361
-3.7247818513072732	4.003984427274506	0.2966131041303476
0.013091974314168196	0.003985776500063512	-3.3343563646173418	0.0009329748180470817	0.002338404642115718	-0.10178665458072046	-0.1519144813934361	-0.05445437704536371	60.4184204388608	0.0	0.0	0.0	0.0	0.0	0.0	0.0	0.0	0.0	0.0	0.0	0.0	0.0	0.0	0.0	0.0	0.0	0.0	0.0	0.0	0.0	0.0	0.0	0.0	0.0	0.0	0.0	
time: 1655994143.2897577
-3.72473027615998	4.004022875309058	0.1982184166976844
0.013157781525191335	0.0037816543621350543	-3.2884433821503998	0.0009255450477727281	0.0023290377718120955	-0.08369016687318978	-0.15304802216760788	-0.05073686938599501	60.910393876024116	0.0	0.0	0.0	0.0	0.0	0.0	0.0	0.0	0.0	0.0	0.0	0.0	0.0	0.0	0.0	0.0	0.0	0.0	0.0	0.0	0.0	0.0	0.0	0.0	0.0	0.0	0.0	
time: 1655994143.3896904
-3.724679713557377	4.004037329626473	0.09982290159257044
0.013193670448682924	0.003612614559614874	-3.240839743049129	0.0009185371134631106	0.002322271656439753	-0.07086156121879834	-0.15367631913861152	-0.0475962887747907	61.40237145154968	0.0	0.0	0.0	0.0	0.0	0.0	0.0	0.0	0.0	0.0	0.0	0.0	0.0	0.0	0.0	0.0	0.0	0.0	0.0	0.0	0.0	0.0	0.0	0.0	0.0	0.0	0.0	
time: 1655994143.481785
-3.724630618609784	4.004025207658339	0.0014266379518438307
0.013211022037148558	0.0034497736653378657	-3.1921959710852343	0.0009111703784017952	0.0023164672086328996	-0.06286899459371315	-0.15398331980462776	-0.04450660988039249	61.89435276975332	0.0	0.0	0.0	0.0	0.0	0.0	0.0	0.0	0.0	0.0	0.0	0.0	0.0	0.0	0.0	0.0	0.0	0.0	0.0	0.0	0.0	0.0	0.0	0.0	0.0	0.0	0.0	
time: 1655994143.5817978
-3.7245767733344137	4.00399465467677	-0.09696795640739088
0.013211586806556604	0.0032521501066064416	-3.143004190638362	0.0009016429410273867	0.00231005686325893	-0.05896695726830581	-0.1539860942108251	-0.04067475708305986	62.38632574154949	0.0	0.0	0.0	0.0	0.0	0.0	0.0	0.0	0.0	0.0	0.0	0.0	0.0	0.0	0.0	0.0	0.0	0.0	0.0	0.0	0.0	0.0	0.0	0.0	0.0	0.0	0.0	
time: 1655994143.6736348
-3.724530958821586	4.0039380232558734	-0.19533241231645654
0.013188565263797962	0.003023997860217345	-3.093613035517338	0.0008900728094227069	0.002303163347744732	-0.05920553478444644	-0.15354384325588294	-0.036151978895044456	62.87814802109482	0.0	0.0	0.0	0.0	0.0	0.0	0.0	0.0	0.0	0.0	0.0	0.0	0.0	0.0	0.0	0.0	0.0	0.0	0.0	0.0	0.0	0.0	0.0	0.0	0.0	0.0	0.0	
time: 1655994143.7775853
-3.7244709866787913	4.003850232383194	-0.2937856512000806
0.013121872644783148	0.0027006461909494252	-3.044025002308682	0.0008729149851783663	0.0022939182859671842	-0.062201999292667016	-0.15224335537366251	-0.02959477102401012	63.370414215512945	0.0	0.0	0.0	0.0	0.0	0.0	0.0	0.0	0.0	0.0	0.0	0.0	0.0	0.0	0.0	0.0	0.0	0.0	0.0	0.0	0.0	0.0	0.0	0.0	0.0	0.0	0.0	
time: 1655994143.8656144
-3.724372089594005	4.003717839018675	-0.3924383267730534
0.012969517632197477	0.0022180439220977678	-2.993779569851891	0.0008462002235565427	0.002281039477934295	-0.06646232734873621	-0.14920611592829677	-0.01957320634766256	63.86367759337781	0.0	0.0	0.0	0.0	0.0	0.0	0.0	0.0	0.0	0.0	0.0	0.0	0.0	0.0	0.0	0.0	0.0	0.0	0.0	0.0	0.0	0.0	0.0	0.0	0.0	0.0	0.0	
time: 1655994143.9656723
-3.7242954124525807	4.003545967301187	-0.4912107219654291
0.012743957154036766	0.0016965335311688063	-2.943551112459675	0.0008161344999458899	0.0022681353533782916	-0.0742442637449822	-0.14460593980826708	-0.008471047769468327	64.35753956933969	0.0	0.0	0.0	0.0	0.0	0.0	0.0	0.0	0.0	0.0	0.0	0.0	0.0	0.0	0.0	0.0	0.0	0.0	0.0	0.0	0.0	0.0	0.0	0.0	0.0	0.0	0.0	
time: 1655994144.0975845
-3.724229595847915	4.003344760631997	-0.5899704998061657
0.012436482100734298	0.0011470045516161994	-2.8935832617801367	0.0007827902950435494	0.0022551614740326316	-0.0855230132292574	-0.13817651750350735	0.0035376449335322506	64.85133845854338	0.0	0.0	0.0	0.0	0.0	0.0	0.0	0.0	0.0	0.0	0.0	0.0	0.0	0.0	0.0	0.0	0.0	0.0	0.0	0.0	0.0	0.0	0.0	0.0	0.0	0.0	0.0	
time: 1655994144.2016232
-3.724174970778601	4.003121679276064	-0.6886869142446898
0.012050346760820362	0.0005962892080584876	-2.8442823379440263	0.0007469471285879615	0.0022422220661519566	-0.10060606960450312	-0.1298878764253656	0.015908155875494222	65.344920530736	0.0	0.0	0.0	0.0	0.0	0.0	0.0	0.0	0.0	0.0	0.0	0.0	0.0	0.0	0.0	0.0	0.0	0.0	0.0	0.0	0.0	0.0	0.0	0.0	0.0	0.0	0.0	
time: 1655994144.289587
-3.7241279326710495	4.002873552815016	-0.787402463088221
0.011574819410258657	4.5684081452137256e-05	-2.79568634632862	0.0007074032508307947	0.0022286926358864186	-0.11923278620457423	-0.11939827755598328	0.02864160112231653	65.83849827495366	0.0	0.0	0.0	0.0	0.0	0.0	0.0	0.0	0.0	0.0	0.0	0.0	0.0	0.0	0.0	0.0	0.0	0.0	0.0	0.0	0.0	0.0	0.0	0.0	0.0	0.0	0.0	
time: 1655994144.3898363
-3.7240309669359615	4.002552691208977	-0.886937603455889
0.01088646500686689	-0.000605914278178984	-2.7449298467750363	0.000654299906124422	0.002211753194656624	-0.13892067163845537	-0.10375873906350917	0.04420379771437226	66.33617397679201	0.0	0.0	0.0	0.0	0.0	0.0	0.0	0.0	0.0	0.0	0.0	0.0	0.0	0.0	0.0	0.0	0.0	0.0	0.0	0.0	0.0	0.0	0.0	0.0	0.0	0.0	0.0	
time: 1655994144.4824133
-3.723915111449972	4.002158428734425	-0.9872801262507915
0.009986033048106616	-0.001299958975413164	-2.6921021227831936	0.0005883135169608666	0.0021928183286852388	-0.16058809367043272	-0.08262499495469582	0.061410876778449884	66.83788659076653	0.0	0.0	0.0	0.0	0.0	0.0	0.0	0.0	0.0	0.0	0.0	0.0	0.0	0.0	0.0	0.0	0.0	0.0	0.0	0.0	0.0	0.0	0.0	0.0	0.0	0.0	0.0	
time: 1655994144.5818067
-3.7238117621899556	4.001742466624731	-1.0875305797111237
0.009002256876055085	-0.0019090358158716243	-2.6405779876897215	0.0005167695502441341	0.0021745736295534163	-0.1866355544085565	-0.058715093589115905	0.07717709096258281	67.3391388580682	0.0	0.0	0.0	0.0	0.0	0.0	0.0	0.0	0.0	0.0	0.0	0.0	0.0	0.0	0.0	0.0	0.0	0.0	0.0	0.0	0.0	0.0	0.0	0.0	0.0	0.0	0.0	
time: 1655994144.7137988
-3.723721753602091	4.001311859408798	-1.187662408729665
0.007961100722373333	-0.0024142734164350884	-2.59108268437923	0.000437242873809881	0.0021567005257124164	-0.21720281479757786	-0.03248199821926512	0.09092323902048437	67.83979800316091	0.0	0.0	0.0	0.0	0.0	0.0	0.0	0.0	0.0	0.0	0.0	0.0	0.0	0.0	0.0	0.0	0.0	0.0	0.0	0.0	0.0	0.0	0.0	0.0	0.0	0.0	0.0	
time: 1655994144.7720776
-3.7237049686211185	4.000993680741507	-1.2866792584470919
0.007191720401706019	-0.002694190790284	-2.5525269611026116	0.00037154492493024943	0.002143990412179949	-0.25504137706139635	-0.012433646264589001	0.09898886860921653	68.33488225174804	0.0	0.0	0.0	0.0	0.0	0.0	0.0	0.0	0.0	0.0	0.0	0.0	0.0	0.0	0.0	0.0	0.0	0.0	0.0	0.0	0.0	0.0	0.0	0.0	0.0	0.0	0.0	
time: 1655994144.9058616
-3.723726769595133	4.000983003679442	-1.3898394541358108
0.007131997533205712	-0.0027092565192854056	-2.536476207740383	0.0003654988675026687	0.0021429808976685207	-0.30408861505717705	-0.010841005927185194	0.09945334519713074	68.85068323019163	0.0	0.0	0.0	0.0	0.0	0.0	0.0	0.0	0.0	0.0	0.0	0.0	0.0	0.0	0.0	0.0	0.0	0.0	0.0	0.0	0.0	0.0	0.0	0.0	0.0	0.0	0.0	
time: 1655994145.0056562
-3.7237449411492882	4.0009534594331315	-1.4929187826975507
0.007045168899163683	-0.002721708310347462	-2.524851456418277	0.00035505459667506525	0.002141849114404547	-0.35435694697465375	-0.00849173108332857	0.09988168142328901	69.36607987300033	0.0	0.0	0.0	0.0	0.0	0.0	0.0	0.0	0.0	0.0	0.0	0.0	0.0	0.0	0.0	0.0	0.0	0.0	0.0	0.0	0.0	0.0	0.0	0.0	0.0	0.0	0.0	
time: 1655994145.0976472
-3.7237641771829573	4.0006786087886645	-1.592059230556927
0.0063545247419348515	-0.0027480913075512052	-2.501940929276437	0.0002579359877313296	0.0021377921505292786	-0.40229003983122286	0.010562364574108205	0.1013548680544099	69.8617821122972	0.0	0.0	0.0	0.0	0.0	0.0	0.0	0.0	0.0	0.0	0.0	0.0	0.0	0.0	0.0	0.0	0.0	0.0	0.0	0.0	0.0	0.0	0.0	0.0	0.0	0.0	0.0	
time: 1655994145.1900234
-3.723788079104321	4.000679813681343	-1.6889197618166407
0.006294953921555991	-0.0027443938604464666	-2.501299046574635	0.0002483067650045947	0.002137951315573469	-0.4507449058009224	0.012233912350697538	0.1013192599662566	70.34608476859577	0.0	0.0	0.0	0.0	0.0	0.0	0.0	0.0	0.0	0.0	0.0	0.0	0.0	0.0	0.0	0.0	0.0	0.0	0.0	0.0	0.0	0.0	0.0	0.0	0.0	0.0	0.0	
time: 1655994145.289705
-3.7238122242645635	4.00068258154748	-1.785791499202365
0.006234925641935472	-0.0027347878592734417	-2.5053094341223408	0.00023740274443884537	0.002138966335524726	-0.4990447302398187	0.01393149771579051	0.1011176431536072	70.83044345552439	0.0	0.0	0.0	0.0	0.0	0.0	0.0	0.0	0.0	0.0	0.0	0.0	0.0	0.0	0.0	0.0	0.0	0.0	0.0	0.0	0.0	0.0	0.0	0.0	0.0	0.0	0.0	
time: 1655994145.38958
-3.7238352787612716	4.000686868498998	-1.882666607867134
0.006177891060008623	-0.0027199413122364247	-2.5140205210489954	0.0002259159340503273	0.002140979324864578	-0.5467214792340768	0.015553964060556986	0.10076308181038175	71.31481899884824	0.0	0.0	0.0	0.0	0.0	0.0	0.0	0.0	0.0	0.0	0.0	0.0	0.0	0.0	0.0	0.0	0.0	0.0	0.0	0.0	0.0	0.0	0.0	0.0	0.0	0.0	0.0	
time: 1655994145.4816108
-3.7238582002051457	4.00069202299089	-1.979548969115253
0.006122070429745793	-0.0026995689983236038	-2.5272895374482975	0.00021360079115189984	0.0021442212184793275	-0.5933400200852778	0.017148250724916204	0.10024873957969849	71.79923080508884	0.0	0.0	0.0	0.0	0.0	0.0	0.0	0.0	0.0	0.0	0.0	0.0	0.0	0.0	0.0	0.0	0.0	0.0	0.0	0.0	0.0	0.0	0.0	0.0	0.0	0.0	0.0	
time: 1655994145.5815866
-3.7239038831893825	4.000569634623418	-2.077301069903148
0.005822237208755743	-0.0025565500878369763	-2.5381091872078674	0.0001412206769708844	0.0021705330207071128	-0.641917588324623	0.02575421444428133	0.09651506631441026	72.28799130902831	0.0	0.0	0.0	0.0	0.0	0.0	0.0	0.0	0.0	0.0	0.0	0.0	0.0	0.0	0.0	0.0	0.0	0.0	0.0	0.0	0.0	0.0	0.0	0.0	0.0	0.0	0.0	
time: 1655994145.7137382
-3.7239466337811553	4.000375475107842	-2.1756708403260845
0.005387702512854233	-0.002295776763336025	-2.549402768409526	2.6018772641906205e-05	0.002224550544949634	-0.6918990922936858	0.03832035493128291	0.08953457370805308	72.779840161143	0.0	0.0	0.0	0.0	0.0	0.0	0.0	0.0	0.0	0.0	0.0	0.0	0.0	0.0	0.0	0.0	0.0	0.0	0.0	0.0	0.0	0.0	0.0	0.0	0.0	0.0	0.0	
time: 1655994145.8215911
-3.7239920343528787	4.000194259813175	-2.274055839914812
0.00500361695629509	-0.002011947678156664	-2.566192453280542	-8.545814136121622e-05	0.002289976914545626	-0.7400952699395333	0.049503129987766806	0.08179538783201713	73.27176515908664	0.0	0.0	0.0	0.0	0.0	0.0	0.0	0.0	0.0	0.0	0.0	0.0	0.0	0.0	0.0	0.0	0.0	0.0	0.0	0.0	0.0	0.0	0.0	0.0	0.0	0.0	0.0	
time: 1655994145.8805916
-3.724039665111558	4.000030251088622	-2.3724429778319807
0.0046771250279527676	-0.0017185116066664157	-2.588461594265283	-0.0001882703995726017	0.002364055699201703	-0.7857098062341085	0.05904628771230438	0.07369641551548554	73.76370084867249	0.0	0.0	0.0	0.0	0.0	0.0	0.0	0.0	0.0	0.0	0.0	0.0	0.0	0.0	0.0	0.0	0.0	0.0	0.0	0.0	0.0	0.0	0.0	0.0	0.0	0.0	0.0	
time: 1655994146.0136364
-3.7240890985278456	3.999885138224	-2.470831118820564
0.004408392126892785	-0.0014260445637396988	-2.6159425889540238	-0.0002792933790105573	0.002443728212378678	-0.8280503850832888	0.06690957241123821	0.06556647295684108	74.2556415536154	0.0	0.0	0.0	0.0	0.0	0.0	0.0	0.0	0.0	0.0	0.0	0.0	0.0	0.0	0.0	0.0	0.0	0.0	0.0	0.0	0.0	0.0	0.0	0.0	0.0	0.0	0.0	
time: 1655994146.1135736
-3.724139890230939	3.999760276458583	-2.5692204883186287
0.004195492044593138	-0.0011446783808948485	-2.6482574752657997	-0.0003562721904532684	0.0025253104138442373	-0.8664698348308484	0.07312928100727205	0.0577217082921374	74.74758840110573	0.0	0.0	0.0	0.0	0.0	0.0	0.0	0.0	0.0	0.0	0.0	0.0	0.0	0.0	0.0	0.0	0.0	0.0	0.0	0.0	0.0	0.0	0.0	0.0	0.0	0.0	0.0	
time: 1655994146.201644
-3.7241915760470574	3.9996568634951677	-2.6676111089857097
0.004034719509532038	-0.000883915504632398	-2.6849314525077936	-0.00041797260778031096	0.002604765349156579	-0.9003796360632262	0.07780761989317023	0.05045464715602631	75.23954150444114	0.0	0.0	0.0	0.0	0.0	0.0	0.0	0.0	0.0	0.0	0.0	0.0	0.0	0.0	0.0	0.0	0.0	0.0	0.0	0.0	0.0	0.0	0.0	0.0	0.0	0.0	0.0	
time: 1655994146.2938824
-3.724243675590141	3.999575896786782	-2.766002865247037
0.003920499331497763	-0.0006518083704764137	-2.7253974312032563	-0.0004643833294489017	0.002678211963024741	-0.9292797431437008	0.08111175145774689	0.04400729018324528	75.73150028574777	0.0	0.0	0.0	0.0	0.0	0.0	0.0	0.0	0.0	0.0	0.0	0.0	0.0	0.0	0.0	0.0	0.0	0.0	0.0	0.0	0.0	0.0	0.0	0.0	0.0	0.0	0.0	
time: 1655994146.3975794
-3.724295695765277	3.999518153193864	-2.8643956342054007
0.0038453989821940534	-0.0004535585902127738	-2.7690053465743785	-0.0004968084585758973	0.002742654020073226	-0.9528015914851657	0.08326839159385167	0.038530662893556486	76.22346413053958	0.0	0.0	0.0	0.0	0.0	0.0	0.0	0.0	0.0	0.0	0.0	0.0	0.0	0.0	0.0	0.0	0.0	0.0	0.0	0.0	0.0	0.0	0.0	0.0	0.0	0.0	0.0	
time: 1655994146.4896004
-3.7243471277565305	3.999484341637158	-2.9627892949256056
0.0038004200328903104	-0.0002890133616607164	-2.8150402451263137	-0.0005177953090354395	0.002797059526795026	-0.9707773338142837	0.08454982401487342	0.03401769925157843	76.71543243414061	0.0	0.0	0.0	0.0	0.0	0.0	0.0	0.0	0.0	0.0	0.0	0.0	0.0	0.0	0.0	0.0	0.0	0.0	0.0	0.0	0.0	0.0	0.0	0.0	0.0	0.0	0.0	
time: 1655994146.5849657
-3.7243974518247507	3.999474544000156	-3.0611838830827804
0.00377577266118382	-0.00014670665842255349	-2.8627536839125933	-0.0005309040673894375	0.0028445173517619928	-0.9833975927632306	0.0852468617067925	0.030147197086959128	77.20740537492648	0.0	0.0	0.0	0.0	0.0	0.0	0.0	0.0	0.0	0.0	0.0	0.0	0.0	0.0	0.0	0.0	0.0	0.0	0.0	0.0	0.0	0.0	0.0	0.0	0.0	0.0	0.0	
time: 1655994146.6856644
-3.7244462180743034	3.9994914999060027	3.1236063381251338
0.003764497850963689	7.348894328106745e-07	-5.944836949429604	-0.0005393662685219355	0.0028937796117119536	-1.2357587514264046	0.08556461247759292	0.026173795559344244	108.13135648096605	0.0	0.0	0.0	0.0	0.0	0.0	0.0	0.0	0.0	0.0	0.0	0.0	0.0	0.0	0.0	0.0	0.0	0.0	0.0	0.0	0.0	0.0	0.0	0.0	0.0	0.0	0.0	
time: 1655994146.7903373
-3.724494328676638	3.99952695269864	3.0252354154290173
0.0037710362626146576	0.00035593008068443533	-5.994130679542146	-0.0005431481095479548	0.0029664416054930713	-1.2413352654592427	0.08544598285266553	0.019712695882502608	108.62321109444663	0.0	0.0	0.0	0.0	0.0	0.0	0.0	0.0	0.0	0.0	0.0	0.0	0.0	0.0	0.0	0.0	0.0	0.0	0.0	0.0	0.0	0.0	0.0	0.0	0.0	0.0	0.0	
time: 1655994146.9217663
-3.724539563574195	3.9995881853463024	2.9268721103901862
0.003823489961773603	0.0008090350251331585	-6.04393980492463	-0.0005385913749948154	0.0030594388993227892	-1.2438389945990733	0.08448370363764787	0.011499585334905074	109.11502761964078	0.0	0.0	0.0	0.0	0.0	0.0	0.0	0.0	0.0	0.0	0.0	0.0	0.0	0.0	0.0	0.0	0.0	0.0	0.0	0.0	0.0	0.0	0.0	0.0	0.0	0.0	0.0	
time: 1655994147.0216064
-3.7245943236333954	3.9996821699574574	2.828390970005093
0.00396193191836279	0.0014512655359965928	-6.09457856631466	-0.0005185298176573726	0.0031916608195307317	-1.2449434048044368	0.08195207574832977	-9.572840006038219e-05	109.60743332156625	0.0	0.0	0.0	0.0	0.0	0.0	0.0	0.0	0.0	0.0	0.0	0.0	0.0	0.0	0.0	0.0	0.0	0.0	0.0	0.0	0.0	0.0	0.0	0.0	0.0	0.0	0.0	
time: 1655994147.1098514
-3.724665446067325	3.9998182825214363	2.729752909408266
0.004246999520432164	0.0023422651849374786	-6.146684635204588	-0.00047094259731701114	0.0033759692045788442	-1.2457618954495273	0.0767623813172269	-0.016107618166633704	110.10062362455038	0.0	0.0	0.0	0.0	0.0	0.0	0.0	0.0	0.0	0.0	0.0	0.0	0.0	0.0	0.0	0.0	0.0	0.0	0.0	0.0	0.0	0.0	0.0	0.0	0.0	0.0	0.0	
time: 1655994147.2099187
-3.7247353746414222	3.999985075480082	2.631114194107478
0.004687314553596898	0.003363176099105767	-6.19985115885805	-0.0003922826395808077	0.0035882649001224183	-1.244267242887322	0.06878821911022619	-0.03435196492935993	110.59381720105432	0.0	0.0	0.0	0.0	0.0	0.0	0.0	0.0	0.0	0.0	0.0	0.0	0.0	0.0	0.0	0.0	0.0	0.0	0.0	0.0	0.0	0.0	0.0	0.0	0.0	0.0	0.0	
time: 1655994147.301664
-3.724801525040532	4.000179379054985	2.5324909269223164
0.005303542608643415	0.004478509149992624	-6.253967180675776	-0.0002779730399530157	0.0038210285550291183	-1.2399798080246678	0.0576942460330676	-0.054153189252682504	111.08693353698013	0.0	0.0	0.0	0.0	0.0	0.0	0.0	0.0	0.0	0.0	0.0	0.0	0.0	0.0	0.0	0.0	0.0	0.0	0.0	0.0	0.0	0.0	0.0	0.0	0.0	0.0	0.0	
time: 1655994147.3936589
-3.724858422523838	4.000402082949224	2.4338412845523663
0.006120517352793943	0.005666861660655013	-6.309030407783026	-0.00012316118755226598	0.0040693113178617655	-1.232701685263229	0.04308304340460255	-0.07508895305327636	111.58018174882987	0.0	0.0	0.0	0.0	0.0	0.0	0.0	0.0	0.0	0.0	0.0	0.0	0.0	0.0	0.0	0.0	0.0	0.0	0.0	0.0	0.0	0.0	0.0	0.0	0.0	0.0	0.0	
time: 1655994147.4977574
-3.724900691748144	4.000644072813932	2.3351779662455687
0.0071241954866902634	0.006859188433662488	-6.364333907786333	6.888897295378078e-05	0.004317814573177914	-1.2214567427408847	0.02526139954791054	-0.0959079804230471	112.07349834036386	0.0	0.0	0.0	0.0	0.0	0.0	0.0	0.0	0.0	0.0	0.0	0.0	0.0	0.0	0.0	0.0	0.0	0.0	0.0	0.0	0.0	0.0	0.0	0.0	0.0	0.0	0.0	
time: 1655994147.589843
-3.7249429471452538	4.000880618253782	2.2359147051355466
0.008227141015756206	0.007936869329747725	-6.418121956164417	0.00027966916152250557	0.004540611351535436	-1.2042702120629853	0.005821483430327672	-0.11453754263163324	112.56981464591397	0.0	0.0	0.0	0.0	0.0	0.0	0.0	0.0	0.0	0.0	0.0	0.0	0.0	0.0	0.0	0.0	0.0	0.0	0.0	0.0	0.0	0.0	0.0	0.0	0.0	0.0	0.0	
time: 1655994147.6895888
-3.7249352647605596	4.000908590731964	2.1356960521388677
0.00837357479266691	0.00805436220360851	-6.45161644286637	0.000307079707299136	0.004564343988172629	-1.16685728450927	0.0032518448816576625	-0.11655172410848277	113.07090791089736	0.0	0.0	0.0	0.0	0.0	0.0	0.0	0.0	0.0	0.0	0.0	0.0	0.0	0.0	0.0	0.0	0.0	0.0	0.0	0.0	0.0	0.0	0.0	0.0	0.0	0.0	0.0	
time: 1655994147.8296237
-3.724918996165191	4.000886550093149	2.0354519770890422
0.008522864300985464	0.008151661255380966	-6.4810646237586464	0.00033403296563138063	0.004583268263986727	-1.1261802897502546	0.0006351151447135398	-0.11820899082125995	113.5721282861465	0.0	0.0	0.0	0.0	0.0	0.0	0.0	0.0	0.0	0.0	0.0	0.0	0.0	0.0	0.0	0.0	0.0	0.0	0.0	0.0	0.0	0.0	0.0	0.0	0.0	0.0	0.0	
time: 1655994147.9259415
-3.724907350138618	4.000855823167452	1.9361308009830411
0.008713342912653136	0.0082505551433265	-6.50665456915306	0.00036713205325451966	0.004601739329676678	-1.083457271333235	-0.0027014373844856184	-0.11987996918124848	114.0687341666765	0.0	0.0	0.0	0.0	0.0	0.0	0.0	0.0	0.0	0.0	0.0	0.0	0.0	0.0	0.0	0.0	0.0	0.0	0.0	0.0	0.0	0.0	0.0	0.0	0.0	0.0	0.0	
time: 1655994148.0137851
-3.7248908488455736	4.0007662431838895	1.8361197723938896
0.009267967581979729	0.008472659572197339	-6.534224111161185	0.00045968420456928303	0.0046414097932509675	-1.0404639236136306	-0.012406218370724868	-0.12358780436150721	114.56878930962226	0.0	0.0	0.0	0.0	0.0	0.0	0.0	0.0	0.0	0.0	0.0	0.0	0.0	0.0	0.0	0.0	0.0	0.0	0.0	0.0	0.0	0.0	0.0	0.0	0.0	0.0	0.0	
time: 1655994148.1178331
-3.7248739384830136	4.000764561807724	1.7352946200184147
0.00937536302560821	0.008503809857687934	-6.54932219250579	0.00047678913271771744	0.004646607055806086	-0.9923259302714837	-0.014285264650564915	-0.1240982559555846	115.07291507149964	0.0	0.0	0.0	0.0	0.0	0.0	0.0	0.0	0.0	0.0	0.0	0.0	0.0	0.0	0.0	0.0	0.0	0.0	0.0	0.0	0.0	0.0	0.0	0.0	0.0	0.0	0.0	
time: 1655994148.2056122
-3.7248515513318563	4.000765366020887	1.6321176727583113
0.009520472595952012	0.008530586715920076	-6.560313205266607	0.0004987623766639052	0.0046507080379689	-0.9418560046972434	-0.016828465496657702	-0.12452035284777149	115.58879980780016	0.0	0.0	0.0	0.0	0.0	0.0	0.0	0.0	0.0	0.0	0.0	0.0	0.0	0.0	0.0	0.0	0.0	0.0	0.0	0.0	0.0	0.0	0.0	0.0	0.0	0.0	0.0	
time: 1655994148.3098402
-3.724828995143311	4.000765497723574	1.5289420247484675
0.009668610538561004	0.008542462281713408	-6.5660770445019585	0.0005199874503409422	0.0046521830017975455	-0.890524925520945	-0.01943092125269295	-0.12468012845346302	116.10467804784938	0.0	0.0	0.0	0.0	0.0	0.0	0.0	0.0	0.0	0.0	0.0	0.0	0.0	0.0	0.0	0.0	0.0	0.0	0.0	0.0	0.0	0.0	0.0	0.0	0.0	0.0	0.0	
time: 1655994148.4016507
-3.7248103868610722	4.000763081835243	1.4257668750302237
0.009792116742353547	0.008539643268511294	-6.566095245666802	0.0005366699534925908	0.004651398049720395	-0.8388913703070761	-0.021607615085229574	-0.12458884889790693	116.62055379644059	0.0	0.0	0.0	0.0	0.0	0.0	0.0	0.0	0.0	0.0	0.0	0.0	0.0	0.0	0.0	0.0	0.0	0.0	0.0	0.0	0.0	0.0	0.0	0.0	0.0	0.0	0.0	
time: 1655994148.5018835
-3.7247938280203488	4.000758271360582	1.3225972961979404
0.009904554459130518	0.008525404512570086	-6.560629957593694	0.0005509364894986779	0.004649021285412033	-0.7875575121004219	-0.023597322232036276	-0.12429798692892678	117.136401690602	0.0	0.0	0.0	0.0	0.0	0.0	0.0	0.0	0.0	0.0	0.0	0.0	0.0	0.0	0.0	0.0	0.0	0.0	0.0	0.0	0.0	0.0	0.0	0.0	0.0	0.0	0.0	
time: 1655994148.6376243
-3.724776095909365	4.000751268195638	1.219424369938578
0.010026281113319671	0.008496973335694583	-6.550122066141294	0.0005653915806407432	0.004644786112372982	-0.737003238563865	-0.025761870120127376	-0.12374904303456546	117.65226632189881	0.0	0.0	0.0	0.0	0.0	0.0	0.0	0.0	0.0	0.0	0.0	0.0	0.0	0.0	0.0	0.0	0.0	0.0	0.0	0.0	0.0	0.0	0.0	0.0	0.0	0.0	0.0	
time: 1655994148.6966918
-3.724763380801601	4.000837731726129	1.1175810575169038
0.010566657284348767	0.008309951514812246	-6.5422493514233775	0.0006248207781610697	0.004619382558278138	-0.6856538885988797	-0.035415471149719775	-0.12020604772481687	118.16148288400719	0.0	0.0	0.0	0.0	0.0	0.0	0.0	0.0	0.0	0.0	0.0	0.0	0.0	0.0	0.0	0.0	0.0	0.0	0.0	0.0	0.0	0.0	0.0	0.0	0.0	0.0	0.0	
time: 1655994148.8296173
-3.7246986296445597	4.001260747937251	1.0176950331560726
0.013114899480778626	0.007122636324082502	-6.5658428037632985	0.000873591954251668	0.004474239986341242	-0.6186119970660321	-0.08087547633368379	-0.09804610208449958	118.66091300581134	0.0	0.0	0.0	0.0	0.0	0.0	0.0	0.0	0.0	0.0	0.0	0.0	0.0	0.0	0.0	0.0	0.0	0.0	0.0	0.0	0.0	0.0	0.0	0.0	0.0	0.0	0.0	
time: 1655994148.9343429
-3.7246294066500685	4.001649932503781	0.9178421600193692
0.015364073022690251	0.005784742158501529	-6.579527145199328	0.0010567369858517034	0.0043319455395666225	-0.5514886546162657	-0.12078578654928424	-0.0733885776216329	119.16017737149485	0.0	0.0	0.0	0.0	0.0	0.0	0.0	0.0	0.0	0.0	0.0	0.0	0.0	0.0	0.0	0.0	0.0	0.0	0.0	0.0	0.0	0.0	0.0	0.0	0.0	0.0	0.0	
time: 1655994149.025574
-3.7245462709231747	4.001944774962406	0.8186833151242048
0.017001620523162994	0.004573386392701225	-6.5784002757961275	0.0011632514855218841	0.0042207059785932255	-0.48993096787816703	-0.14977765223942874	-0.0511997450191243	119.65597159597067	0.0	0.0	0.0	0.0	0.0	0.0	0.0	0.0	0.0	0.0	0.0	0.0	0.0	0.0	0.0	0.0	0.0	0.0	0.0	0.0	0.0	0.0	0.0	0.0	0.0	0.0	0.0	
time: 1655994149.1258104
-3.7244976317701273	4.002094075193937	0.7203260584732178
0.017774799232981395	0.0038724551937758243	-6.558522706235035	0.0012020117665256609	0.004164430883010911	-0.4411822454794487	-0.16349643900562946	-0.038358113471459836	120.14775787922561	0.0	0.0	0.0	0.0	0.0	0.0	0.0	0.0	0.0	0.0	0.0	0.0	0.0	0.0	0.0	0.0	0.0	0.0	0.0	0.0	0.0	0.0	0.0	0.0	0.0	0.0	0.0	
time: 1655994149.2136395
-3.7244475097504033	4.002229039759691	0.6219365480871649
0.018414398164197227	0.0031655180394732363	-6.532958525844662	0.0012251078510764064	0.004114241541293203	-0.3957310597277457	-0.17490469511308385	-0.025352801418254627	120.63970543115587	0.0	0.0	0.0	0.0	0.0	0.0	0.0	0.0	0.0	0.0	0.0	0.0	0.0	0.0	0.0	0.0	0.0	0.0	0.0	0.0	0.0	0.0	0.0	0.0	0.0	0.0	0.0	
time: 1655994149.3181973
-3.724396256330269	4.002343193994866	0.5235460659920652
0.01890423450590345	0.002502330296738881	-6.501770050403177	0.0012353967846408605	0.004072858210366177	-0.35480016916385093	-0.1836976540628243	-0.013080233962164916	121.13165784163138	0.0	0.0	0.0	0.0	0.0	0.0	0.0	0.0	0.0	0.0	0.0	0.0	0.0	0.0	0.0	0.0	0.0	0.0	0.0	0.0	0.0	0.0	0.0	0.0	0.0	0.0	0.0	
time: 1655994149.4095953
-3.7243443401298406	4.002435468117485	0.42515483836323076
0.019258652819297922	0.001906458503023927	-6.465576007230428	0.001236857956850557	0.004040259412085735	-0.31909751137893444	-0.19010731058382963	-0.0019708307334367985	121.62361397977556	0.0	0.0	0.0	0.0	0.0	0.0	0.0	0.0	0.0	0.0	0.0	0.0	0.0	0.0	0.0	0.0	0.0	0.0	0.0	0.0	0.0	0.0	0.0	0.0	0.0	0.0	0.0	
time: 1655994149.5096285
-3.7242922416790742	4.002504996266876	0.3267630679812985
0.01949753388197813	0.001394584152002781	-6.425118215714035	0.001232999433444339	0.0040156688527729105	-0.28917994750186676	-0.19446336160552832	0.007656741675877327	122.11557283168521	0.0	0.0	0.0	0.0	0.0	0.0	0.0	0.0	0.0	0.0	0.0	0.0	0.0	0.0	0.0	0.0	0.0	0.0	0.0	0.0	0.0	0.0	0.0	0.0	0.0	0.0	0.0	
time: 1655994149.602331
-3.7242404607009356	4.002551090263329	0.22837072528046504
0.01964512421776429	0.0009724542944214382	-6.381242488223444	0.0012265667124453001	0.003997735167140863	-0.26537131863391605	-0.1971782015064386	0.015675169400980016	122.60753454518938	0.0	0.0	0.0	0.0	0.0	0.0	0.0	0.0	0.0	0.0	0.0	0.0	0.0	0.0	0.0	0.0	0.0	0.0	0.0	0.0	0.0	0.0	0.0	0.0	0.0	0.0	0.0	
time: 1655994149.750609
-3.7241895174090485	4.00257308786972	0.1299779270271191
0.0197280258123823	0.0006272982514872212	-6.334863639570519	0.0012192160303883016	0.003984603136698918	-0.2476068824742229	-0.1987159622345291	0.02230223986922147	123.09949853645611	0.0	0.0	0.0	0.0	0.0	0.0	0.0	0.0	0.0	0.0	0.0	0.0	0.0	0.0	0.0	0.0	0.0	0.0	0.0	0.0	0.0	0.0	0.0	0.0	0.0	0.0	0.0	
time: 1655994149.8416646
-3.724139893118446	4.0025689213294235	0.031584884191012005
0.019770446194265493	0.00031430957388954117	-6.286876654436603	0.0012109945128649603	0.003973778356185052	-0.2351519008423859	-0.19950805351678144	0.028380776380875248	123.59146375063665	0.0	0.0	0.0	0.0	0.0	0.0	0.0	0.0	0.0	0.0	0.0	0.0	0.0	0.0	0.0	0.0	0.0	0.0	0.0	0.0	0.0	0.0	0.0	0.0	0.0	0.0	0.0	
time: 1655994149.9496775
-3.7240914001897036	4.002544428863682	-0.06680283126448149
0.019781817037427322	-2.7124840354277674e-05	-6.237919370296611	0.001200560778067531	0.003962915193763846	-0.2268873471691004	-0.199717667690297	0.03509184475866368	124.08340232791411	0.0	0.0	0.0	0.0	0.0	0.0	0.0	0.0	0.0	0.0	0.0	0.0	0.0	0.0	0.0	0.0	0.0	0.0	0.0	0.0	0.0	0.0	0.0	0.0	0.0	0.0	0.0	
time: 1655994150.006507
-3.724044618272936	4.002495238385509	-0.16516442198878764
0.019752880442901084	-0.0004494551454952018	-6.188285990496851	0.001186027734682729	0.00395049472489973	-0.2217658185187407	-0.19915305261998845	0.04349618255406688	124.57521028153565	0.0	0.0	0.0	0.0	0.0	0.0	0.0	0.0	0.0	0.0	0.0	0.0	0.0	0.0	0.0	0.0	0.0	0.0	0.0	0.0	0.0	0.0	0.0	0.0	0.0	0.0	0.0	
time: 1655994150.1416624
-3.7240002698927714	4.002420632133961	-0.26355586205327536
0.019661973543193777	-0.0009785280729635365	-6.137982084713588	0.001165929698678307	0.0039361560101629205	-0.21918930172996032	-0.19737319156835637	0.05416057660422353	125.06716748185808	0.0	0.0	0.0	0.0	0.0	0.0	0.0	0.0	0.0	0.0	0.0	0.0	0.0	0.0	0.0	0.0	0.0	0.0	0.0	0.0	0.0	0.0	0.0	0.0	0.0	0.0	0.0	
time: 1655994150.2460535
-3.723933342831547	4.002306265057253	-0.362085746585821
0.019443731487580933	-0.0017615124549402459	-6.086100826235647	0.001133580307975069	0.003917128892833378	-0.21602310643436448	-0.19305251267276025	0.07015955185928177	125.5598169045208	0.0	0.0	0.0	0.0	0.0	0.0	0.0	0.0	0.0	0.0	0.0	0.0	0.0	0.0	0.0	0.0	0.0	0.0	0.0	0.0	0.0	0.0	0.0	0.0	0.0	0.0	0.0	
time: 1655994150.3335683
-3.7238702538996162	4.002161405224456	-0.46061525090630123
0.019092967213637395	-0.0026560514230748447	-6.03300303124727	0.0010938988514834662	0.003898408650294779	-0.21492159460014076	-0.18602219506228856	0.08870932996109808	126.05246442612321	0.0	0.0	0.0	0.0	0.0	0.0	0.0	0.0	0.0	0.0	0.0	0.0	0.0	0.0	0.0	0.0	0.0	0.0	0.0	0.0	0.0	0.0	0.0	0.0	0.0	0.0	0.0	
time: 1655994150.433586
-3.723815713146155	4.001993507097578	-0.5591246933624668
0.0186059582636417	-0.0036018957820820275	-5.978990400406922	0.0010490728263986913	0.00388176800322341	-0.21688184643248168	-0.17612847560857958	0.10863903669211931	126.54501163840403	0.0	0.0	0.0	0.0	0.0	0.0	0.0	0.0	0.0	0.0	0.0	0.0	0.0	0.0	0.0	0.0	0.0	0.0	0.0	0.0	0.0	0.0	0.0	0.0	0.0	0.0	0.0	
time: 1655994150.52564
-3.7237749294738096	4.001791495826082	-0.6577133269717533
0.017934753591950858	-0.0046326107829971755	-5.923369024821546	0.0009969185366306894	0.0038670040917545105	-0.2209218154955622	-0.16229313665367703	0.13074160347746036	127.03795480645047	0.0	0.0	0.0	0.0	0.0	0.0	0.0	0.0	0.0	0.0	0.0	0.0	0.0	0.0	0.0	0.0	0.0	0.0	0.0	0.0	0.0	0.0	0.0	0.0	0.0	0.0	0.0	
time: 1655994150.6176617
-3.723731916166429	4.0015658610898175	-0.7563128835386974
0.017082866184098214	-0.005688312845804879	-5.866515352088885	0.0009395342501135353	0.0038552305144910156	-0.22796609048045552	-0.14445322005572872	0.15382782000592649	127.53095258928519	0.0	0.0	0.0	0.0	0.0	0.0	0.0	0.0	0.0	0.0	0.0	0.0	0.0	0.0	0.0	0.0	0.0	0.0	0.0	0.0	0.0	0.0	0.0	0.0	0.0	0.0	0.0	
time: 1655994150.7176743
-3.723693764231006	4.001321116044143	-0.8549073991146924
0.016064887933900287	-0.00671584254163444	-5.8089798176040315	0.0008785681650557235	0.0038465891110103317	-0.23881873770756332	-0.12277370416480106	0.17679673293369005	128.02392516716517	0.0	0.0	0.0	0.0	0.0	0.0	0.0	0.0	0.0	0.0	0.0	0.0	0.0	0.0	0.0	0.0	0.0	0.0	0.0	0.0	0.0	0.0	0.0	0.0	0.0	0.0	0.0	
time: 1655994150.8137488
-3.7236658485547323	4.001067925794802	-0.9534720736475549
0.01492963996082571	-0.007649480265625152	-5.752031186790266	0.0008161888420380536	0.003840519259519241	-0.2546006494723673	-0.09816758264392099	0.19818929294827475	128.51674853982948	0.0	0.0	0.0	0.0	0.0	0.0	0.0	0.0	0.0	0.0	0.0	0.0	0.0	0.0	0.0	0.0	0.0	0.0	0.0	0.0	0.0	0.0	0.0	0.0	0.0	0.0	0.0	
time: 1655994150.9576252
-3.72363810058533	4.0007931730394874	-1.053123132419944
0.013618847369803067	-0.00852034276541597	-5.694249835920598	0.0007477258591240386	0.0038356992018029027	-0.2746863470480088	-0.06922720294405592	0.2187216368861014	129.01500383369142	0.0	0.0	0.0	0.0	0.0	0.0	0.0	0.0	0.0	0.0	0.0	0.0	0.0	0.0	0.0	0.0	0.0	0.0	0.0	0.0	0.0	0.0	0.0	0.0	0.0	0.0	0.0	
time: 1655994151.0496264
-3.7236499267798195	4.0007681229424445	-1.1533942313979264
0.013480199645803184	-0.008593147471638191	-5.666334164008549	0.0007401818374460457	0.003835050843840736	-0.3164842093912789	-0.06612129377845533	0.22048912363929896	129.51635932858133	0.0	0.0	0.0	0.0	0.0	0.0	0.0	0.0	0.0	0.0	0.0	0.0	0.0	0.0	0.0	0.0	0.0	0.0	0.0	0.0	0.0	0.0	0.0	0.0	0.0	0.0	0.0	
time: 1655994151.1536164
-3.723670205222341	4.000806603679151	-1.2525616943345348
0.013252484305409113	-0.008684275720214024	-5.641083671165629	0.0007264849451274975	0.0038335592085809076	-0.3595271655062672	-0.060970988157279235	0.22277113783383573	130.01219664326436	0.0	0.0	0.0	0.0	0.0	0.0	0.0	0.0	0.0	0.0	0.0	0.0	0.0	0.0	0.0	0.0	0.0	0.0	0.0	0.0	0.0	0.0	0.0	0.0	0.0	0.0	0.0	
time: 1655994151.2456713
-3.7236863489304723	4.000904273573665	-1.351456938674817
0.012717508911974661	-0.008837826605001355	-5.613387660531811	0.000691146696549708	0.003829888521604741	-0.40246490972271975	-0.048746407381717316	0.2267935760055581	130.50667286496576	0.0	0.0	0.0	0.0	0.0	0.0	0.0	0.0	0.0	0.0	0.0	0.0	0.0	0.0	0.0	0.0	0.0	0.0	0.0	0.0	0.0	0.0	0.0	0.0	0.0	0.0	0.0	
time: 1655994151.3455632
-3.723669479418815	4.000659292771232	-1.449607572414908
0.011367922970361474	-0.009081983373927438	-5.571430081750193	0.0005937336818896174	0.0038220418248953456	-0.443391433753199	-0.017466692302115273	0.23375463745957417	130.99742603366622	0.0	0.0	0.0	0.0	0.0	0.0	0.0	0.0	0.0	0.0	0.0	0.0	0.0	0.0	0.0	0.0	0.0	0.0	0.0	0.0	0.0	0.0	0.0	0.0	0.0	0.0	0.0	
time: 1655994151.4376166
-3.723685953159948	4.000301447376528	-1.5486828351143653
0.00939709358280432	-0.009238337897922637	-5.518859065974848	0.0004373160155396099	0.0038149719301286858	-0.4868926870802244	0.029115703471197588	0.23940992692522312	131.4928023471635	0.0	0.0	0.0	0.0	0.0	0.0	0.0	0.0	0.0	0.0	0.0	0.0	0.0	0.0	0.0	0.0	0.0	0.0	0.0	0.0	0.0	0.0	0.0	0.0	0.0	0.0	0.0	
time: 1655994151.529605
-3.723708350151068	4.000203912088158	-1.6461774819811132
0.008849164915276417	-0.009226578904389953	-5.5046254182728545	0.0003886938087284028	0.0038149123821502634	-0.5353371248560087	0.04227149025763028	0.2396960186170664	131.98027558149724	0.0	0.0	0.0	0.0	0.0	0.0	0.0	0.0	0.0	0.0	0.0	0.0	0.0	0.0	0.0	0.0	0.0	0.0	0.0	0.0	0.0	0.0	0.0	0.0	0.0	0.0	0.0	
time: 1655994151.6296446
-3.7237342379156466	4.000200707843666	-1.7430801128978648
0.008707172372201007	-0.009209535933028992	-5.50484130645252	0.00037468896370226873	0.003815509602677144	-0.5839101201020132	0.04570436277272865	0.23943658634003764	132.464788736081	0.0	0.0	0.0	0.0	0.0	0.0	0.0	0.0	0.0	0.0	0.0	0.0	0.0	0.0	0.0	0.0	0.0	0.0	0.0	0.0	0.0	0.0	0.0	0.0	0.0	0.0	0.0	
time: 1655994151.737689
-3.7237621999847157	4.000197328160628	-1.8400116134512323
0.008555795037507235	-0.009176326656205018	-5.509474211090374	0.00035827145333855914	0.0038171923840896772	-0.6322979812728406	0.049379836308311296	0.23879681330650604	132.94944623884786	0.0	0.0	0.0	0.0	0.0	0.0	0.0	0.0	0.0	0.0	0.0	0.0	0.0	0.0	0.0	0.0	0.0	0.0	0.0	0.0	0.0	0.0	0.0	0.0	0.0	0.0	0.0	
time: 1655994151.8299594
-3.7237992097304584	4.000131018749552	-1.9373219598045575
0.008156824128703414	-0.00904767852213535	-5.512682947936609	0.00031083872377455995	0.003825502553029416	-0.6818858708164987	0.0591116704071194	0.23610833704576367	133.4359979706145	0.0	0.0	0.0	0.0	0.0	0.0	0.0	0.0	0.0	0.0	0.0	0.0	0.0	0.0	0.0	0.0	0.0	0.0	0.0	0.0	0.0	0.0	0.0	0.0	0.0	0.0	0.0	
time: 1655994151.933619
-3.7238486319919595	3.999793824534291	-2.0364297747162676
0.0064352521942523345	-0.00830390008192003	-5.487987718717279	8.156776049265431e-05	0.003883406406977378	-0.7444452171675255	0.10156484649849462	0.21979569363976378	133.93153704517306	0.0	0.0	0.0	0.0	0.0	0.0	0.0	0.0	0.0	0.0	0.0	0.0	0.0	0.0	0.0	0.0	0.0	0.0	0.0	0.0	0.0	0.0	0.0	0.0	0.0	0.0	0.0	
time: 1655994152.0380566
-3.723916703611873	3.999380412813804	-2.136296054706044
0.004437561000553948	-0.007197835321614513	-5.460266800372848	-0.00022553412059619113	0.003988491658699999	-0.8142571011177451	0.15170366231534685	0.19458246452893857	134.43086844512194	0.0	0.0	0.0	0.0	0.0	0.0	0.0	0.0	0.0	0.0	0.0	0.0	0.0	0.0	0.0	0.0	0.0	0.0	0.0	0.0	0.0	0.0	0.0	0.0	0.0	0.0	0.0	
time: 1655994152.1696317
-3.7239984290871937	3.9990077327136517	-2.2360647329632357
0.0027415355599020273	-0.006026859290436145	-5.44369134379884	-0.0005275207870140213	0.004122125808755811	-0.883858710245145	0.19500684452272432	0.16708351406364635	134.9297118364079	0.0	0.0	0.0	0.0	0.0	0.0	0.0	0.0	0.0	0.0	0.0	0.0	0.0	0.0	0.0	0.0	0.0	0.0	0.0	0.0	0.0	0.0	0.0	0.0	0.0	0.0	0.0	
time: 1655994152.2656574
-3.7240938775797	3.998675946507323	-2.3357053992340115
0.0013260241594956492	-0.004828386270402271	-5.4377943402024815	-0.0008167306358807139	0.004282031056035891	-0.9518095222918576	0.23165351541017082	0.13831585396406815	135.4279151677618	0.0	0.0	0.0	0.0	0.0	0.0	0.0	0.0	0.0	0.0	0.0	0.0	0.0	0.0	0.0	0.0	0.0	0.0	0.0	0.0	0.0	0.0	0.0	0.0	0.0	0.0	0.0	
time: 1655994152.369636
-3.724191758789759	3.998423594361632	-2.4348015174800435
0.00031480044934008284	-0.0037864900694577945	-5.4456594409586	-0.0010507253760032088	0.004439919647023115	-1.0129391744451013	0.25809563963245236	0.11292331452181258	135.92339575899194	0.0	0.0	0.0	0.0	0.0	0.0	0.0	0.0	0.0	0.0	0.0	0.0	0.0	0.0	0.0	0.0	0.0	0.0	0.0	0.0	0.0	0.0	0.0	0.0	0.0	0.0	0.0	
time: 1655994152.4281945
-3.7242937803626908	3.9982176982708215	-2.5336641881293973
-0.00045597821740566075	-0.002821097061065269	-5.462966676487008	-0.0012502706355272653	0.0046017734942219906	-1.068791077274923	0.27837456485304196	0.08916528414069169	136.41770911223873	0.0	0.0	0.0	0.0	0.0	0.0	0.0	0.0	0.0	0.0	0.0	0.0	0.0	0.0	0.0	0.0	0.0	0.0	0.0	0.0	0.0	0.0	0.0	0.0	0.0	0.0	0.0	
time: 1655994152.5616453
-3.724345576714125	3.9981103194921324	-2.632046261423564
-0.0008082100775701393	-0.0022810849226987894	-5.4940550929046745	-0.0013510776782147637	0.004699119754571983	-1.1102370735734897	0.28766164748704576	0.07581258219771674	136.90961947870957	0.0	0.0	0.0	0.0	0.0	0.0	0.0	0.0	0.0	0.0	0.0	0.0	0.0	0.0	0.0	0.0	0.0	0.0	0.0	0.0	0.0	0.0	0.0	0.0	0.0	0.0	0.0	
time: 1655994152.6657186
-3.7243975158456037	3.9980214696180507	-2.7304387954681686
-0.001069034037319255	-0.0017841033232669282	-5.530128735081624	-0.0014331642319022472	0.0047932666760200655	-1.146534505490982	0.2945323997501709	0.0635100030340706	137.4015821489326	0.0	0.0	0.0	0.0	0.0	0.0	0.0	0.0	0.0	0.0	0.0	0.0	0.0	0.0	0.0	0.0	0.0	0.0	0.0	0.0	0.0	0.0	0.0	0.0	0.0	0.0	0.0	
time: 1655994152.7536864
-3.7244495678761664	3.997955435585759	-2.828832095417978
-0.001244603030460817	-0.0013559676115171798	-5.570607952903925	-0.0014946553769474846	0.004877610111024634	-1.1767870665452242	0.29914741086179975	0.052918414155856214	137.89354864868164	0.0	0.0	0.0	0.0	0.0	0.0	0.0	0.0	0.0	0.0	0.0	0.0	0.0	0.0	0.0	0.0	0.0	0.0	0.0	0.0	0.0	0.0	0.0	0.0	0.0	0.0	0.0	
time: 1655994152.845596
-3.7245012344204076	3.9979129061817273	-2.927225694225786
-0.0013528507873266909	-0.0010003002135150784	-5.614578860809634	-0.0015380382968525862	0.0049497491831683215	-1.200704326144901	0.30198419988199104	0.04413768848306143	138.3855166427207	0.0	0.0	0.0	0.0	0.0	0.0	0.0	0.0	0.0	0.0	0.0	0.0	0.0	0.0	0.0	0.0	0.0	0.0	0.0	0.0	0.0	0.0	0.0	0.0	0.0	0.0	0.0	
time: 1655994152.95048
-3.7245520023941663	3.9978944331826245	-3.025619005186888
-0.0014136454605844348	-0.0007034760152311949	-5.661059063023508	-0.0015678097570234284	0.0050111916799824244	-1.218474955157755	0.30357212319938975	0.03683241436305599	138.8774831975262	0.0	0.0	0.0	0.0	0.0	0.0	0.0	0.0	0.0	0.0	0.0	0.0	0.0	0.0	0.0	0.0	0.0	0.0	0.0	0.0	0.0	0.0	0.0	0.0	0.0	0.0	0.0	
time: 1655994153.0376403
-3.7246013968880787	3.99790263847256	-3.1240123744231676
-0.0014444381544393718	-0.0004217449871794561	-5.709120623911697	-0.0015899793431942487	0.005070304776837818	-1.2310747684042973	0.3043743195200071	0.029925291481579956	139.3694500437076	0.0	0.0	0.0	0.0	0.0	0.0	0.0	0.0	0.0	0.0	0.0	0.0	0.0	0.0	0.0	0.0	0.0	0.0	0.0	0.0	0.0	0.0	0.0	0.0	0.0	0.0	0.0	
time: 1655994153.1416411
-3.7246496903873716	3.997929434723327	3.0607887857737457
-0.0014494441014280934	-0.00010645771854662091	-8.800908024168091	-0.0016079856756647645	0.005137058477009449	-1.2931333534764502	0.3045072190959489	0.022229147981659026	170.29345584469215	0.0	0.0	0.0	0.0	0.0	0.0	0.0	0.0	0.0	0.0	0.0	0.0	0.0	0.0	0.0	0.0	0.0	0.0	0.0	0.0	0.0	0.0	0.0	0.0	0.0	0.0	0.0	
time: 1655994153.232703
-3.7246960592548075	3.997982214990003	2.96242627173582
-0.0014010274410011757	0.000509756919062545	-8.850894499118064	-0.0016219271748455011	0.005226891874018864	-1.3010886474737924	0.3035392188967962	0.01030435438087293	170.78526841488178	0.0	0.0	0.0	0.0	0.0	0.0	0.0	0.0	0.0	0.0	0.0	0.0	0.0	0.0	0.0	0.0	0.0	0.0	0.0	0.0	0.0	0.0	0.0	0.0	0.0	0.0	0.0	
time: 1655994153.3736281
-3.7247452255346563	3.9980620799809077	2.8640153191629456
-0.0012578857187769286	0.001326577060771417	-8.902166738286459	-0.001627973072272749	0.005347478210007096	-1.3080805769878467	0.3006823849776532	-0.0054557400031563525	171.27732317774615	0.0	0.0	0.0	0.0	0.0	0.0	0.0	0.0	0.0	0.0	0.0	0.0	0.0	0.0	0.0	0.0	0.0	0.0	0.0	0.0	0.0	0.0	0.0	0.0	0.0	0.0	0.0	
time: 1655994153.4697149
-3.7248073383533167	3.998179616847325	2.7655163552149613
-0.00094402808477707	0.002465568532290988	-8.955770509258647	-0.001618047696795615	0.005518258791203213	-1.3164828697131834	0.2944399441741789	-0.02735208666722527	171.7698179974861	0.0	0.0	0.0	0.0	0.0	0.0	0.0	0.0	0.0	0.0	0.0	0.0	0.0	0.0	0.0	0.0	0.0	0.0	0.0	0.0	0.0	0.0	0.0	0.0	0.0	0.0	0.0	
time: 1655994153.5695884
-3.724860184424097	3.9983234531236436	2.667022287409891
-0.00045579624078323527	0.003744685582808899	-9.011243004516157	-0.001584634388513479	0.005713378885585882	-1.3228776831490203	0.2847702910474797	-0.051831405032015734	172.26228833651143	0.0	0.0	0.0	0.0	0.0	0.0	0.0	0.0	0.0	0.0	0.0	0.0	0.0	0.0	0.0	0.0	0.0	0.0	0.0	0.0	0.0	0.0	0.0	0.0	0.0	0.0	0.0	
time: 1655994153.6616776
-3.7249125768506746	3.9985008324608193	2.5685130406917422
0.00028317166461835745	0.005233590628921101	-9.069613447140236	-0.0015173899538912401	0.005944387464834055	-1.328710298928477	0.2702089702609414	-0.08016718024066455	172.75483457010216	0.0	0.0	0.0	0.0	0.0	0.0	0.0	0.0	0.0	0.0	0.0	0.0	0.0	0.0	0.0	0.0	0.0	0.0	0.0	0.0	0.0	0.0	0.0	0.0	0.0	0.0	0.0	
time: 1655994153.753785
-3.7249573107590344	3.9986974309718915	2.4700246983506116
0.0012473876646495077	0.006781601392706014	-9.129876521343087	-0.0014148077163587919	0.00618831429459757	-1.3312756321780468	0.25132069915872024	-0.10942846704434116	173.2472762818078	0.0	0.0	0.0	0.0	0.0	0.0	0.0	0.0	0.0	0.0	0.0	0.0	0.0	0.0	0.0	0.0	0.0	0.0	0.0	0.0	0.0	0.0	0.0	0.0	0.0	0.0	0.0	
time: 1655994153.8536463
-3.7249949465108227	3.998912239831343	2.3715429227800295
0.002455451344212147	0.008358629536705197	-9.191933057129322	-0.0012731475329441902	0.00643974248289379	-1.3302147220124818	0.2278107727091827	-0.1389992546314331	173.73968515966072	0.0	0.0	0.0	0.0	0.0	0.0	0.0	0.0	0.0	0.0	0.0	0.0	0.0	0.0	0.0	0.0	0.0	0.0	0.0	0.0	0.0	0.0	0.0	0.0	0.0	0.0	0.0	
time: 1655994153.9419518
-3.725027230521285	3.9991493434185585	2.273042266811256
0.003953668670906251	0.009965169046415418	-9.256231584398721	-0.001085792613129629	0.006697827779867093	-1.3257733483913088	0.19886671752671428	-0.16883627490933753	174.2321884395046	0.0	0.0	0.0	0.0	0.0	0.0	0.0	0.0	0.0	0.0	0.0	0.0	0.0	0.0	0.0	0.0	0.0	0.0	0.0	0.0	0.0	0.0	0.0	0.0	0.0	0.0	0.0	
time: 1655994154.0456116
-3.7250486757860295	3.9994022822226505	2.174513317421913
0.005715433878076105	0.011520524373004257	-9.321816687212925	-0.0008560026865823583	0.006948317136924343	-1.3167336621417254	0.16510251394227124	-0.19739510817614955	174.72483318645132	0.0	0.0	0.0	0.0	0.0	0.0	0.0	0.0	0.0	0.0	0.0	0.0	0.0	0.0	0.0	0.0	0.0	0.0	0.0	0.0	0.0	0.0	0.0	0.0	0.0	0.0	0.0	
time: 1655994154.1856499
-3.7250648207004264	3.9996518579618714	2.076035892223824
0.007608123720115429	0.01288921908446014	-9.385743556740243	-0.0006032747421970428	0.00716766393080982	-1.3010065797585653	0.12912831498580532	-0.22219259474325184	175.21722031244175	0.0	0.0	0.0	0.0	0.0	0.0	0.0	0.0	0.0	0.0	0.0	0.0	0.0	0.0	0.0	0.0	0.0	0.0	0.0	0.0	0.0	0.0	0.0	0.0	0.0	0.0	0.0	
time: 1655994154.241148
-3.7250744176284076	3.9999164588276375	1.9775628126832552
0.009762238458832857	0.014148177132135882	-9.450171572956124	-0.00031320612747665793	0.007366761160049152	-1.2803767841136693	0.08853139311823889	-0.24463607692636818	175.7095857101446	0.0	0.0	0.0	0.0	0.0	0.0	0.0	0.0	0.0	0.0	0.0	0.0	0.0	0.0	0.0	0.0	0.0	0.0	0.0	0.0	0.0	0.0	0.0	0.0	0.0	0.0	0.0	
time: 1655994154.3695915
-3.7250747473735615	4.000176666611847	1.879092545518041
0.012009483613149604	0.01518337652389613	-9.511641473743346	-1.201836602799329e-05	0.007526719568634584	-1.253248145122879	0.046540959047235604	-0.2627132787841928	176.20193704597068	0.0	0.0	0.0	0.0	0.0	0.0	0.0	0.0	0.0	0.0	0.0	0.0	0.0	0.0	0.0	0.0	0.0	0.0	0.0	0.0	0.0	0.0	0.0	0.0	0.0	0.0	0.0	
time: 1655994154.461573
-3.7250798934286924	4.000486276562435	1.7803948402623475
0.014817533582498564	0.016159038841115317	-9.578604617287766	0.000358260947964752	0.007672119896956045	-1.2227818701562791	-0.005448062565223456	-0.2792544031871791	176.69542557224915	0.0	0.0	0.0	0.0	0.0	0.0	0.0	0.0	0.0	0.0	0.0	0.0	0.0	0.0	0.0	0.0	0.0	0.0	0.0	0.0	0.0	0.0	0.0	0.0	0.0	0.0	0.0	
time: 1655994154.5616202
-3.725073289914428	4.000833703123428	1.6813377272983203
0.018095416572985315	0.016950485603765896	-9.648965895105166	0.0007785946616336532	0.007783304418850857	-1.1871125490550944	-0.06550414018128893	-0.29201269166969246	177.1907111370693	0.0	0.0	0.0	0.0	0.0	0.0	0.0	0.0	0.0	0.0	0.0	0.0	0.0	0.0	0.0	0.0	0.0	0.0	0.0	0.0	0.0	0.0	0.0	0.0	0.0	0.0	0.0	
time: 1655994154.6536126
-3.725064083708033	4.001138820933546	1.5827132771564423
0.021059034551183832	0.01736565059979526	-9.708164359604346	0.0011427680391837341	0.007834821651994756	-1.1440681656378404	-0.11926270767071935	-0.2979643942816805	177.68383338777866	0.0	0.0	0.0	0.0	0.0	0.0	0.0	0.0	0.0	0.0	0.0	0.0	0.0	0.0	0.0	0.0	0.0	0.0	0.0	0.0	0.0	0.0	0.0	0.0	0.0	0.0	0.0	
time: 1655994154.7579312
-3.7250350779025236	4.001630861021397	1.482800004657076
0.025945734581225764	0.01757001261583923	-9.796332805175151	0.0017078458238447352	0.007845757638937712	-1.0951587306447539	-0.20683585386048936	-0.29898344805923	178.1833997502755	0.0	0.0	0.0	0.0	0.0	0.0	0.0	0.0	0.0	0.0	0.0	0.0	0.0	0.0	0.0	0.0	0.0	0.0	0.0	0.0	0.0	0.0	0.0	0.0	0.0	0.0	0.0	
