layout: 
  dim: []
  data_offset: 11
data: [0.3533400297164917, 1.8821028470993042, 1.747390866279602, 0.47333961725234985, 3.5221047401428223, 2.8037850856781006, 3.079400062561035, 2.3028838634490967, 0.6330841183662415, 0.033339690417051315, 1.0221043825149536, 2.1400234362367598e-10, -5.072715580922704e-09, -6.452544312196551e-06, 0.0, 0.0, 1.9399908524064813e-07, -3.8808829572190007e-07, -3.824571024324541e-07, -5.914995426792302e-07, -2.7642133773042588e-06, 1.0284694553774898e-06, -1.19871990111875e-09, 2.84147976259419e-08, 3.6143861507298425e-05, 0.0, 0.0, -1.0866835964407073e-06, 2.173872189814574e-06, 2.1423195448733168e-06, 3.3132630505861016e-06, 1.548357613501139e-05, -5.760910426033661e-06, -1.2176725405765865e-08, 2.8864045020782214e-07, 0.00036715311580337584, 0.0, 0.0, -1.1038645425287541e-05, 2.208242040069308e-05, 2.1761907191830687e-05, 3.365647717146203e-05, 0.00015728382277302444, -5.851994501426816e-05, 0.0, 0.0, 0.0, 0.20000000298023224, 0.0, 0.0, 0.0, 0.0, 0.0, 0.0, 0.0, 0.0, 0.0, 0.0, 0.0, 0.20000000298023224, 0.0, 0.0, 0.0, 0.0, 0.0, 0.0, 6.209822656089159e-10, -1.4719925722772587e-08, -1.8723869288805872e-05, 0.0, 0.0, 0.17686325311660767, 0.03843030706048012, -7.562227892776718e-07, -1.1645850008790148e-06, -8.021181201911531e-06, 2.984407956319046e-06, -1.2570752216944925e-09, 2.9798041367712358e-08, 3.790335904341191e-05, 0.0, 0.0, 0.03843029588460922, 0.11921794712543488, 1.5308471574826399e-06, 2.3575084924232215e-06, 1.6237545423791744e-05, -6.041437245585257e-06, -9.938984080193336e-10, 2.3782625646617817e-08, 3.0310260626720265e-05, 0.0, 0.0, -6.155260052764788e-07, 1.2313372508288012e-06, 0.15520507097244263, -0.0573122464120388, 7.182307854236569e-06, -2.672291884664446e-06, -1.5894181526476814e-09, 3.8028801441214455e-08, 4.8465608415426686e-05, 0.0, 0.0, -9.694633718027035e-07, 1.9393760339880828e-06, -0.057312145829200745, 0.10377515852451324, 1.1582014849409461e-05, -4.309272753744153e-06, -5.0405404294906475e-09, 1.220494425524521e-07, 0.00015592214185744524, 0.0, 0.0, -4.709142558567692e-06, 9.420467904419638e-06, 5.255156338535016e-06, 8.197489478334319e-06, 0.11176815629005432, 0.03137127310037613, 1.8585187833153327e-09, -4.5001364412655676e-08, -5.7490709878038615e-05, 0.0, 0.0, 1.7363278175253072e-06, -3.473460310488008e-06, -1.9376507225388195e-06, -3.0225305636122357e-06, 0.031371552497148514, 0.18440529704093933]
---
layout: 
  dim: []
  data_offset: 11
data: [0.3533403277397156, 1.8821014165878296, 1.7473722696304321, 0.4798775315284729, 3.5212655067443848, 2.8016977310180664, 3.0830013751983643, 2.302884340286255, 0.6330845355987549, 0.03334115073084831, 1.0221039056777954, 2.725554504312555e-10, -6.317859124749248e-09, -8.027656804188155e-06, 1.428781956747116e-06, -1.0466349920079665e-07, 2.859805476873589e-07, -5.808241780869139e-07, -3.82388549269308e-07, -5.91393472859636e-07, -2.7637299808702664e-06, 1.028289716487052e-06, -1.5267086483916614e-09, 3.53898528260288e-08, 4.496732435654849e-05, -8.003377843124326e-06, 5.862766556674615e-07, -1.6019257600419223e-06, 3.2534990168642253e-06, 2.1419352833618177e-06, 3.312668695798493e-06, 1.548086765978951e-05, -5.759903160651447e-06, -1.5508467399172332e-08, 3.5949364018961205e-07, 0.00045678261085413396, -8.129912021104246e-05, 5.9554577092058025e-06, -1.6272526409011334e-05, 3.304937854409218e-05, 2.175800545956008e-05, 3.365043812664226e-05, 0.00015725631965324283, -5.850971501786262e-05, 3.049060559590089e-09, -7.06786025261863e-08, -8.980619168141857e-05, 0.10052715241909027, 0.006991508416831493, 2.169879508073791e-06, -4.340767191024497e-06, -4.277764219295932e-06, -6.615893653361127e-06, -3.091747566941194e-05, 1.1503338100737892e-05, -2.5264557113047204e-10, 5.856439333484786e-09, 7.4413546826690435e-06, 0.006991359870880842, 0.19556687772274017, -1.797965154537451e-07, 3.5967656231150613e-07, 3.544561195667484e-07, 5.481938387674745e-07, 2.561826022429159e-06, -9.531680689178756e-07, 9.260781030917542e-10, -2.168655832690547e-08, -2.7569267331273295e-05, 3.4532963582023513e-06, -2.5296620265180536e-07, 0.16763320565223694, 0.049903690814971924, -1.2216105460538529e-06, -1.885957999547827e-06, -1.0554871550993994e-05, 3.927107627532678e-06, -1.914651770462683e-09, 4.482011561890431e-08, 5.697702363249846e-05, -6.9906241151329596e-06, 5.120880359754665e-07, 0.04990365728735924, 0.09133976697921753, 2.5314964204881107e-06, 3.908466169377789e-06, 2.1734516849392094e-05, -8.086673005891498e-06, -9.937071165921907e-10, 2.377819896537403e-08, 3.03046363114845e-05, -5.590200089500286e-06, 4.095010979199287e-07, -1.0060546173917828e-06, 2.0494046566454927e-06, 0.15520507097244263, -0.0573122464120388, 7.180403827078408e-06, -2.671583388291765e-06, -1.5891121751820947e-09, 3.8021717330138927e-08, 4.845660805585794e-05, -8.93863762030378e-06, 6.547855377903034e-07, -1.598660105628369e-06, 3.2573727821727516e-06, -0.05731214955449104, 0.10377515852451324, 1.1578968951653223e-05, -4.308139523345744e-06, -5.039581640886581e-09, 1.2202724519738695e-07, 0.00015589394024573267, -2.8757080144714564e-05, 2.1065479813842103e-06, -6.221550847840263e-06, 1.2591269296535756e-05, 5.2538021009240765e-06, 8.195394002541434e-06, 0.11176814883947372, 0.03137127310037613, 1.858165288304292e-09, -4.499317896033972e-08, -5.748031253460795e-05, 1.0603143891785294e-05, -7.767141596559668e-07, 2.2939741484151455e-06, -4.642579824576387e-06, -1.937151409947546e-06, -3.021758175236755e-06, 0.03137155622243881, 0.18440529704093933]
---
layout: 
  dim: []
  data_offset: 13
data: [0.3553699553012848, 1.8783938884735107, -3.128622531890869, 0.4799037277698517, 3.521263360977173, 2.8017055988311768, 3.0829851627349854, 2.302874803543091, 0.6330693960189819, 0.051410987973213196, 1.0178217887878418, 2.4938483238220215, 0.8172894716262817, 0.000373566901544109, 0.0007269021589308977, -3.6357903480529785, -4.226805231155595e-06, 3.096297973570472e-07, -8.149597192641522e-07, 1.6581557247263845e-06, 1.2941321756443358e-06, 1.996807441173587e-06, -0.005859187338501215, 0.002180899726226926, -0.008762178011238575, -0.015059242956340313, -0.0006039069849066436, -0.0009169198456220329, 0.4230392575263977, 6.107266472099582e-06, -4.473822912132164e-07, 1.1275883480266202e-06, -2.2992160211288137e-06, -2.1318353446986293e-06, -3.2827979339344893e-06, 0.017899518832564354, -0.006662639323621988, 0.011285187676548958, 0.019398413598537445, -0.007465999573469162, -0.012478189542889595, 38.3541259765625, 7.371522224275395e-05, -5.399937890615547e-06, 1.3753287930740044e-05, -2.8028840461047366e-05, -2.4980277885333635e-05, -3.848344931611791e-05, 0.1889975517988205, -0.07034941762685776, 0.1486266553401947, 0.2554646134376526, -7.440462468366604e-07, -1.0673073802536237e-06, 0.0005249855457805097, 0.10052715241909027, 0.006991508882492781, 2.1687003481929423e-06, -4.338368398748571e-06, -4.2758956624311395e-06, -6.6130110099038575e-06, -3.928584192181006e-05, 1.4616594853578135e-05, -2.8801473490602802e-06, -4.950413313054014e-06, 6.165178945138905e-08, 8.843725396445734e-08, -4.35003821621649e-05, 0.0069913603365421295, 0.19556687772274017, -1.7969881582757807e-07, 3.594777808757499e-07, 3.54301306515481e-07, 5.479549827214214e-07, 3.25523024002905e-06, -1.211133053402591e-06, 2.3864942022555624e-07, 4.10191972832763e-07, -2.1760742185961135e-07, -3.13189332246111e-07, 0.0001522145321359858, 3.4515051083872095e-06, -2.528350080410746e-07, 0.16763320565223694, 0.049903690814971924, -1.2210633713038987e-06, -1.8851135337172309e-06, -1.2994930330023635e-05, 4.834856554225553e-06, -8.841651037982956e-07, -1.5197074390016496e-06, 4.50529626050411e-07, 6.483392098743934e-07, -0.0003152450663037598, -6.9869156504864804e-06, 5.118163812767307e-07, 0.04990365728735924, 0.09133976697921753, 2.5303636448370526e-06, 3.906718120560981e-06, 2.678693999769166e-05, -9.966272955352906e-06, 1.8272918396178284e-06, 3.1407582810061285e-06, 2.84180771359388e-07, 4.0426951386507426e-07, -0.00020451938326004893, -5.587877240031958e-06, 4.0933096556727833e-07, -1.0056068049379974e-06, 2.048493342954316e-06, 0.15520507097244263, -0.0573122464120388, 1.0398493031971157e-05, -3.868856310873525e-06, 9.718839919514721e-07, 1.6704771041986533e-06, 4.534075515039149e-07, 6.450948717429128e-07, -0.00032620172714814544, -8.934931429394055e-06, 6.545140536218241e-07, -1.5979455838532886e-06, 3.2559189548919676e-06, -0.05731214955449104, 0.10377515852451324, 1.6712807337171398e-05, -6.218155249371193e-06, 1.554026425765187e-06, 2.67106520368543e-06, -0.0008924652356654406, -0.001191884744912386, 0.7378555536270142, -3.580301199690439e-05, 2.622689862619154e-06, -7.5756133810500614e-06, 1.534675175207667e-05, 7.43441205486306e-06, 1.1559425729501527e-05, 0.10070405900478363, 0.034085940569639206, 4.9995564950222615e-06, 8.593244274379686e-06, 0.000331053975969553, 0.00044320698361843824, -0.27615538239479065, 1.3143656360625755e-05, -9.628166708353092e-07, 2.7810972369479714e-06, -5.633972705254564e-06, -2.7291919195704395e-06, -4.243497187417233e-06, 0.03417729586362839, 0.17959022521972656, -1.843407517299056e-06, -3.168451257806737e-06, -0.0002781647490337491, -0.000361440033884719, 0.20751814544200897, -3.6721082778967684e-06, 2.689953646495269e-07, -7.349952966251294e-07, 1.4927697975508636e-06, 9.82762117018865e-07, 1.5199177596514346e-06, 7.102927156665828e-06, -2.642756953719072e-06, 0.17862969636917114, -0.029981879517436028, -0.0004942075465805829, -0.000644101994112134, 0.3723415434360504, -6.426357685995754e-06, 4.707542018422828e-07, -1.2862753919762326e-06, 2.612415528346901e-06, 1.7198789237227174e-06, 2.6599259399517905e-06, 1.243044880538946e-05, -4.624946086551063e-06, -0.0295482836663723, 0.14530633389949799]
---
layout: 
  dim: []
  data_offset: 13
data: [0.3561975955963135, 1.8815056085586548, -1.3765876293182373, 0.479902446269989, 3.521263599395752, 2.8022730350494385, 3.082552433013916, 2.3051953315734863, 0.6330900192260742, 0.04975271224975586, 1.0184425115585327, 2.493382692337036, 0.8164538741111755, 0.005463459994643927, -0.004927214700728655, 2.4662013053894043, 1.9641871404019184e-05, -1.4388425597644527e-06, 0.011700884439051151, -0.024177834391593933, -0.01806364394724369, -0.028569599613547325, 0.03582203388214111, -0.013333862647414207, 0.02143140882253647, 0.03683949634432793, 0.00045661721378564835, -0.001908002537675202, 0.16021066904067993, 7.569339686597232e-06, -5.54484756776219e-07, 0.0007156274514272809, -0.0015044703613966703, -0.0010838496964424849, -0.0017481117974966764, 0.02045333944261074, -0.007613233290612698, 0.013136153109371662, 0.022579973563551903, -0.07389352470636368, 0.05865098908543587, -29.143417358398438, -0.00020825884712394327, 1.5255747712217271e-05, -0.13846027851104736, 0.28574714064598083, 0.21314255893230438, 0.3373909294605255, -0.30340608954429626, 0.11293517798185349, -0.2080855369567871, -0.3576759696006775, -3.064029669985757e-06, 4.811486178368796e-07, -0.0003863963938783854, 0.10052714496850967, 0.006991509348154068, 4.7215974063874455e-07, -9.277047752220824e-07, -1.7755760381987784e-06, -2.5959000140574062e-06, -4.515448381425813e-05, 1.6801046513137408e-05, -7.134434781619348e-06, -1.2262963537068572e-05, 2.538859860123921e-07, -3.986805197087051e-08, 3.2016865588957444e-05, 0.0069913603365421295, 0.19556687772274017, -3.9123193573686876e-08, 7.686968928055649e-08, 1.4712442464315245e-07, 2.1509653436169174e-07, 3.741506816368201e-06, -1.3921369372837944e-06, 5.911603579988878e-07, 1.0161110139961238e-06, -0.000499234942253679, 0.000295438920147717, -0.18847575783729553, 3.032532958968659e-06, -2.221436830041057e-07, 0.1642453372478485, 0.049417465925216675, -3.5581967949838145e-07, -5.041824238105619e-07, -0.000671708257868886, 0.00025002320762723684, -0.000592488911934197, -0.0010183643316850066, 0.000922299746889621, -0.0006118110031820834, 0.35581523180007935, -5.769565177615732e-06, 4.2264070998498937e-07, 0.049898117780685425, 0.08770228922367096, 6.095532967265171e-07, 8.482222142447426e-07, 0.002205383963882923, -0.0008208925137296319, 0.001641904003918171, 0.0028221895918250084, 0.00035243117599748075, -0.00024724844843149185, 0.14675739407539368, -4.865822120336816e-06, 3.5643768114823615e-07, -2.0490784891080693e-07, 4.338305927831243e-07, 0.15156204998493195, -0.05739014223217964, 0.0012257619528099895, -0.0004562574322335422, 0.0007851215777918696, 0.0013495563762262464, 0.0006419594283215702, -0.00043574225855991244, 0.25351452827453613, -7.936664587759878e-06, 5.813871553073113e-07, -3.479173926734802e-07, 7.357945719377312e-07, -0.05685761570930481, 0.10077949613332748, 0.0017766662640497088, -0.0006613157456740737, 0.0012501634191721678, 0.002148873871192336, -0.003931844606995583, 0.0008364556706510484, -0.4559977650642395, -4.0202383388532326e-05, 2.9449608973664e-06, -0.002238592831417918, 0.004509703256189823, 0.003263810183852911, 0.005246264394372702, 0.09302163869142532, 0.03694552183151245, -0.005565742962062359, -0.009566767141222954, 0.0014686607755720615, -0.00031597999623045325, 0.17069131135940552, 1.479030561313266e-05, -1.083439997273672e-06, 0.0008377472986467183, -0.0016878308961167932, -0.0012215996393933892, -0.001963574206456542, 0.037052761763334274, 0.17851990461349487, 0.002083235653117299, 0.003580802818760276, -0.0011324746301397681, 0.0002086754684569314, -0.12804736196994781, -4.908577921014512e-06, 3.5957148725174193e-07, -0.0006285790586844087, 0.0012647444382309914, 0.0009158433531410992, 0.0014724934007972479, -0.002152073662728071, 0.0008010552264750004, 0.1770639717578888, -0.032673150300979614, -0.002027159556746483, 0.00037890076055191457, -0.22978927195072174, -8.645065463497303e-06, 6.332830935207312e-07, -0.0011277433950453997, 0.0022693672217428684, 0.0016434014542028308, 0.0026422019582241774, -0.0038619758561253548, 0.0014375231694430113, -0.032357800751924515, 0.14047715067863464]
---
