time: 1655997319.877708
0.758	-0.164	-1.2391837689159744
0.0	0.0	0.0	0.0	0.0	0.0	0.0	0.0	0.0	0.0	0.0	0.0	0.0	0.0	0.0	0.0	0.0	0.0	0.0	0.0	0.0	0.0	0.0	0.0	0.0	0.0	0.0	0.0	0.0	0.0	0.0	0.0	0.0	0.0	0.0	0.0	
time: 1655997320.921853
0.758	-0.164	-1.2391837689159744
0.0	0.0	0.0	0.0	0.0	0.0	0.0	0.0	0.0	0.0	0.0	0.0	0.0	0.0	0.0	0.0	0.0	0.0	0.0	0.0	0.0	0.0	0.0	0.0	0.0	0.0	0.0	0.0	0.0	0.0	0.0	0.0	0.0	0.0	0.0	0.0	
time: 1655997321.9178197
0.758	-0.164	-1.3439035240356338
0.0	0.0	0.017046708704756438	0.0	0.0	-0.04950723684892486	0.0	0.0	0.5235987755982974	0.0	0.0	0.0	0.0	0.0	0.0	0.0	0.0	0.0	0.0	0.0	0.0	0.0	0.0	0.0	0.0	0.0	0.0	0.0	0.0	0.0	0.0	0.0	0.0	0.0	0.0	0.0	
time: 1655997322.9979768
0.758	-0.164	-2.2863813201125724
0.0	0.0	0.12305239566635116	0.0	0.0	-0.508668312459991	0.0	0.0	5.235987755982991	0.0	0.0	0.0	0.0	0.0	0.0	0.0	0.0	0.0	0.0	0.0	0.0	0.0	0.0	0.0	0.0	0.0	0.0	0.0	0.0	0.0	0.0	0.0	0.0	0.0	0.0	0.0	
time: 1655997323.888099
0.758	-0.164	3.0019663134302466
0.0	0.0	-1.6116817110468247	0.0	0.0	-2.5042516237515855	0.0	0.0	31.677725923697086	0.0	0.0	0.0	0.0	0.0	0.0	0.0	0.0	0.0	0.0	0.0	0.0	0.0	0.0	0.0	0.0	0.0	0.0	0.0	0.0	0.0	0.0	0.0	0.0	0.0	0.0	0.0	
time: 1655997325.2474754
0.758	-0.163	1.902408884673819
0.0002249163121764188	0.001599673624340859	-2.160518704117526	0.00035289024636774003	0.0025110414200898703	-2.459106655702316	-0.00440868734816399	-0.031362481817536314	37.17551306747922	0.0	0.0	0.0	0.0	0.0	0.0	0.0	0.0	0.0	0.0	0.0	0.0	0.0	0.0	0.0	0.0	0.0	0.0	0.0	0.0	0.0	0.0	0.0	0.0	0.0	0.0	0.0	
time: 1655997326.6619172
0.758	-0.164	0.9075712110370515
0.0023051304841987543	0.002342628132568188	-2.357612574975449	0.0026909003625282717	0.003330269292308461	-2.0008910688179053	-0.039558825510900765	-0.04341836906913347	42.14970143566306	0.0	0.0	0.0	0.0	0.0	0.0	0.0	0.0	0.0	0.0	0.0	0.0	0.0	0.0	0.0	0.0	0.0	0.0	0.0	0.0	0.0	0.0	0.0	0.0	0.0	0.0	0.0	
time: 1655997327.144452
0.758	-0.163	-0.0872664625997166
0.004220300644573455	0.0009073279398752938	-2.0845853780376853	0.004222820359092822	0.002090747915378452	-1.582969728988055	-0.07277324350351597	-0.017429021161036777	47.1238898038469	0.0	0.0	0.0	0.0	0.0	0.0	0.0	0.0	0.0	0.0	0.0	0.0	0.0	0.0	0.0	0.0	0.0	0.0	0.0	0.0	0.0	0.0	0.0	0.0	0.0	0.0	0.0	
time: 1655997328.1829782
0.758	-0.164	-1.0821041362364847
0.00403263241042643	-0.001167186632379742	-1.584952252451235	0.004016450626069174	0.0005432430771821226	-1.5793780679915856	-0.06866612588650288	0.02951119022787783	52.09807817203074	0.0	0.0	0.0	0.0	0.0	0.0	0.0	0.0	0.0	0.0	0.0	0.0	0.0	0.0	0.0	0.0	0.0	0.0	0.0	0.0	0.0	0.0	0.0	0.0	0.0	0.0	0.0	
time: 1655997329.1200802
0.758	-0.164	-2.024581932313423
0.00403263241042643	-0.001167186632379742	-1.363718990543614	0.004016450626069174	0.0005432430771821226	-1.9954573186761453	-0.06866612588650288	0.02951119022787783	56.81046715241543	0.0	0.0	0.0	0.0	0.0	0.0	0.0	0.0	0.0	0.0	0.0	0.0	0.0	0.0	0.0	0.0	0.0	0.0	0.0	0.0	0.0	0.0	0.0	0.0	0.0	0.0	0.0	
time: 1655997330.057665
0.758	-0.164	-1.7278759594743869
0.00403263241042643	-0.001167186632379742	-1.4287526593299227	0.004016450626069174	0.0005432430771821226	-2.1287960996207094	-0.06866612588650288	0.02951119022787783	58.293997016610604	0.0	0.0	0.0	0.0	0.0	0.0	0.0	0.0	0.0	0.0	0.0	0.0	0.0	0.0	0.0	0.0	0.0	0.0	0.0	0.0	0.0	0.0	0.0	0.0	0.0	0.0	0.0	
time: 1655997331.0519602
0.758	-0.164	-0.9948376736367684
0.00403263241042643	-0.001167186632379742	-1.4860888853794307	0.004016450626069174	0.0005432430771821226	-2.49080278368654	-0.06866612588650288	0.02951119022787783	61.959188445798695	0.0	0.0	0.0	0.0	0.0	0.0	0.0	0.0	0.0	0.0	0.0	0.0	0.0	0.0	0.0	0.0	0.0	0.0	0.0	0.0	0.0	0.0	0.0	0.0	0.0	0.0	0.0	
time: 1655997332.1978567
0.826	-0.269	-1.0297442586766548
0.5230029099869693	0.3433252670933658	5.023821896704086	0.18074847721333548	0.12083331620139857	1.7159720438969268	6.433590684520168	4.24652056007985	62.133721370998124	0.0	0.0	0.0	0.0	0.0	0.0	0.0	0.0	0.0	0.0	0.0	0.0	0.0	0.0	0.0	0.0	0.0	0.0	0.0	0.0	0.0	0.0	0.0	0.0	0.0	0.0	0.0	
time: 1655997334.1392653
0.834	-0.284	-1.7627825445142737
0.7031625405606118	0.45708599312005244	6.117996112403317	0.26999333457065516	0.17785715902715568	1.9458247676181393	7.339199601662776	4.789898632716904	65.79891280018622	0.0	0.0	0.0	0.0	0.0	0.0	0.0	0.0	0.0	0.0	0.0	0.0	0.0	0.0	0.0	0.0	0.0	0.0	0.0	0.0	0.0	0.0	0.0	0.0	0.0	0.0	0.0	
time: 1655997334.1549525
0.834	-0.285	-1.2042771838760884
0.7164358929877127	0.4606091312951571	6.129302190461388	0.27049069940062637	0.1765791359832418	1.6591477211180252	7.403789603108741	4.777294526909459	68.59143960337714	0.0	0.0	0.0	0.0	0.0	0.0	0.0	0.0	0.0	0.0	0.0	0.0	0.0	0.0	0.0	0.0	0.0	0.0	0.0	0.0	0.0	0.0	0.0	0.0	0.0	0.0	0.0	
time: 1655997335.6399653
0.937	-0.41	-0.8552113334772219
4.331188899594987	2.14057920361485	16.563643921606854	1.5529758590727005	0.7818204113128814	5.477566171921739	17.7774299226625	8.752818622793056	70.33676885537147	0.0	0.0	0.0	0.0	0.0	0.0	0.0	0.0	0.0	0.0	0.0	0.0	0.0	0.0	0.0	0.0	0.0	0.0	0.0	0.0	0.0	0.0	0.0	0.0	0.0	0.0	0.0	
time: 1655997336.065026
1.224	-0.743	-0.8552113334772219
23.467917648747296	16.551317455022055	39.89989114530911	15.22723783815863	10.737638427214796	25.76345639388684	41.12309159343078	29.026142930247445	70.33676885537147	0.0	0.0	0.0	0.0	0.0	0.0	0.0	0.0	0.0	0.0	0.0	0.0	0.0	0.0	0.0	0.0	0.0	0.0	0.0	0.0	0.0	0.0	0.0	0.0	0.0	0.0	0.0	
time: 1655997337.0911717
1.497	-1.085	-1.117010721276371
57.89893686965871	44.26050606936622	63.21520842556874	42.21023125024017	32.26544395378593	45.8577086983517	64.36148615336121	49.20628095392473	71.64576579436722	0.0	0.0	0.0	0.0	0.0	0.0	0.0	0.0	0.0	0.0	0.0	0.0	0.0	0.0	0.0	0.0	0.0	0.0	0.0	0.0	0.0	0.0	0.0	0.0	0.0	0.0	0.0	
time: 1655997338.1261578
1.576	-1.527	-1.4486232791552933
121.0526104463992	82.25120445591433	92.20143964385674	79.07590899430188	53.75445176421251	59.81076189552488	93.27676424903552	63.288496499024504	73.30382858376183	0.0	0.0	0.0	0.0	0.0	0.0	0.0	0.0	0.0	0.0	0.0	0.0	0.0	0.0	0.0	0.0	0.0	0.0	0.0	0.0	0.0	0.0	0.0	0.0	0.0	0.0	0.0	
time: 1655997339.1208868
1.636	-2.023	-1.4486232791552933
231.0557806586297	121.46241861699546	128.5522065335261	116.62828101650516	61.52390639202777	64.27407484655679	129.6278967467351	67.72719430549571	73.30382858376183	0.0	0.0	0.0	0.0	0.0	0.0	0.0	0.0	0.0	0.0	0.0	0.0	0.0	0.0	0.0	0.0	0.0	0.0	0.0	0.0	0.0	0.0	0.0	0.0	0.0	0.0	0.0	
time: 1655997340.3433316
1.618	-2.352	-2.111848394913139
323.3300164935614	149.73609977019794	152.56561446145398	143.81605003379016	66.94423170993142	66.88844768446118	153.60100095237846	70.65438052736428	76.61995416255105	0.0	0.0	0.0	0.0	0.0	0.0	0.0	0.0	0.0	0.0	0.0	0.0	0.0	0.0	0.0	0.0	0.0	0.0	0.0	0.0	0.0	0.0	0.0	0.0	0.0	0.0	0.0	
time: 1655997341.293341
1.578	-2.396	-3.106686068549907
339.1346973012093	148.5453714733844	156.21480763897029	142.40165005160873	62.80382393942925	64.11548578543126	157.50535369388388	68.30590402194682	81.5941425307349	0.0	0.0	0.0	0.0	0.0	0.0	0.0	0.0	0.0	0.0	0.0	0.0	0.0	0.0	0.0	0.0	0.0	0.0	0.0	0.0	0.0	0.0	0.0	0.0	0.0	0.0	0.0	
time: 1655997342.4257283
1.578	-2.395	2.1816615649929116
339.14564607632485	148.391632997789	153.57509217595305	142.2464753982456	62.671564718007446	63.94166101244831	157.50820128839206	68.22435783938828	108.03588069844899	0.0	0.0	0.0	0.0	0.0	0.0	0.0	0.0	0.0	0.0	0.0	0.0	0.0	0.0	0.0	0.0	0.0	0.0	0.0	0.0	0.0	0.0	0.0	0.0	0.0	0.0	0.0	
time: 1655997344.7861028
1.566	-2.29	1.6406094968746698
313.0245978698465	133.74273997626656	144.06716715631458	127.73014207021403	55.057312099968804	57.61439154894256	148.1550994814476	61.679786970282116	110.7411410390402	0.0	0.0	0.0	0.0	0.0	0.0	0.0	0.0	0.0	0.0	0.0	0.0	0.0	0.0	0.0	0.0	0.0	0.0	0.0	0.0	0.0	0.0	0.0	0.0	0.0	0.0	0.0	
time: 1655997344.7871656
1.537	-1.894	1.6406094968746698
214.65149786472622	106.53627018095065	100.20335096349865	102.02084991196203	51.8400830279289	54.54713472290281	104.29118214174473	58.63228191243751	110.7411410390402	0.0	0.0	0.0	0.0	0.0	0.0	0.0	0.0	0.0	0.0	0.0	0.0	0.0	0.0	0.0	0.0	0.0	0.0	0.0	0.0	0.0	0.0	0.0	0.0	0.0	0.0	0.0	
time: 1655997345.0389664
1.506	-1.478	1.6406094968746698
148.7307688787256	80.56220554014365	54.11983328792511	77.62794885467434	48.64249892703571	51.32466124870754	58.20755634363689	55.430557770487646	110.7411410390402	0.0	0.0	0.0	0.0	0.0	0.0	0.0	0.0	0.0	0.0	0.0	0.0	0.0	0.0	0.0	0.0	0.0	0.0	0.0	0.0	0.0	0.0	0.0	0.0	0.0	0.0	0.0	
time: 1655997346.1043525
1.482	-1.347	2.303834612632515
135.76206990018534	72.83178231040108	39.3840862873948	70.40507974115988	47.66093226510282	50.62665976130201	43.494857758024985	54.4082855612566	114.05726661782943	0.0	0.0	0.0	0.0	0.0	0.0	0.0	0.0	0.0	0.0	0.0	0.0	0.0	0.0	0.0	0.0	0.0	0.0	0.0	0.0	0.0	0.0	0.0	0.0	0.0	0.0	0.0	
time: 1655997347.1719706
1.308	-1.221	2.5307274153917776
125.4379450428736	61.101317168999344	21.098941671841416	58.687310443305726	34.91943382388456	34.315298789639364	25.27980216554066	38.017299295840154	115.19173063162575	0.0	0.0	0.0	0.0	0.0	0.0	0.0	0.0	0.0	0.0	0.0	0.0	0.0	0.0	0.0	0.0	0.0	0.0	0.0	0.0	0.0	0.0	0.0	0.0	0.0	0.0	0.0	
time: 1655997348.0656395
0.923	-0.954	2.5307274153917776
121.29460154896388	54.66718074642746	-9.856978373696943	51.643169997857456	24.126512094862512	-9.894336720264477	-5.691886556850264	-6.1846789686384005	115.19173063162575	0.0	0.0	0.0	0.0	0.0	0.0	0.0	0.0	0.0	0.0	0.0	0.0	0.0	0.0	0.0	0.0	0.0	0.0	0.0	0.0	0.0	0.0	0.0	0.0	0.0	0.0	0.0	
time: 1655997349.2340245
0.647	-0.759	2.426007660272118
128.63726659823476	64.7749681615042	-32.22775259633131	61.316832745282454	37.404991327722435	-41.75182667484679	-28.031074376953953	-38.06660894494484	115.71532940722405	0.0	0.0	0.0	0.0	0.0	0.0	0.0	0.0	0.0	0.0	0.0	0.0	0.0	0.0	0.0	0.0	0.0	0.0	0.0	0.0	0.0	0.0	0.0	0.0	0.0	0.0	0.0	
time: 1655997350.1944067
0.585	-0.614	1.7453292519943295
136.1104270634579	73.97348696598826	-44.456506916394055	70.39735322854877	48.5441678644325	-55.300636221878705	-40.00531103882638	-51.83394467181134	119.11872144861299	0.0	0.0	0.0	0.0	0.0	0.0	0.0	0.0	0.0	0.0	0.0	0.0	0.0	0.0	0.0	0.0	0.0	0.0	0.0	0.0	0.0	0.0	0.0	0.0	0.0	0.0	0.0	
time: 1655997351.3446083
0.516	-0.207	1.7453292519943295
190.1341370332951	101.70362746760969	-92.88255406129053	99.21804136614702	56.83798826711007	-63.83945490258408	-88.43195726993582	-60.352722514742915	119.11872144861299	0.0	0.0	0.0	0.0	0.0	0.0	0.0	0.0	0.0	0.0	0.0	0.0	0.0	0.0	0.0	0.0	0.0	0.0	0.0	0.0	0.0	0.0	0.0	0.0	0.0	0.0	0.0	
time: 1655997352.2842052
0.465	0.095	1.7453292519943295
255.65976767676852	126.75788429840681	-128.81149998676065	125.08748973887162	63.78145862258644	-70.17469745765993	-124.36134599825898	-66.67309447274828	119.11872144861299	0.0	0.0	0.0	0.0	0.0	0.0	0.0	0.0	0.0	0.0	0.0	0.0	0.0	0.0	0.0	0.0	0.0	0.0	0.0	0.0	0.0	0.0	0.0	0.0	0.0	0.0	0.0	
time: 1655997353.7984223
0.458	0.137	1.7453292519943295
266.4853796333414	130.5429567099019	-133.80644123512266	128.9865192537286	64.80000289178024	-71.05544036679977	-129.35634802348315	-67.5517692856068	119.11872144861299	0.0	0.0	0.0	0.0	0.0	0.0	0.0	0.0	0.0	0.0	0.0	0.0	0.0	0.0	0.0	0.0	0.0	0.0	0.0	0.0	0.0	0.0	0.0	0.0	0.0	0.0	0.0	
time: 1655997355.0299096
0.458	0.137	1.7453292519943295
266.4853796333414	130.5429567099019	-133.80644123512266	128.9865192537286	64.80000289178024	-71.05544036679977	-129.35634802348315	-67.5517692856068	119.11872144861299	0.0	0.0	0.0	0.0	0.0	0.0	0.0	0.0	0.0	0.0	0.0	0.0	0.0	0.0	0.0	0.0	0.0	0.0	0.0	0.0	0.0	0.0	0.0	0.0	0.0	0.0	0.0	
time: 1655997355.2062216
0.458	0.137	1.7453292519943295
266.4853796333414	130.5429567099019	-133.80644123512266	128.9865192537286	64.80000289178024	-71.05544036679977	-129.35634802348315	-67.5517692856068	119.11872144861299	0.0	0.0	0.0	0.0	0.0	0.0	0.0	0.0	0.0	0.0	0.0	0.0	0.0	0.0	0.0	0.0	0.0	0.0	0.0	0.0	0.0	0.0	0.0	0.0	0.0	0.0	0.0	
